1.2658  0.0014
1.2660  0.0015
1.2661  0.0016
1.2663  0.0010
1.2665  0.0006
1.2666  0.0022
1.2668  0.0054
1.2669  0.0080
1.2671  0.0089
1.2673  0.0078
1.2674  0.0053
1.2676  0.0026
1.2677  0.0006
1.2679  -0.0005
1.2681  -0.0009
1.2682  -0.0012
1.2684  -0.0019
1.2686  -0.0032
1.2687  -0.0046
1.2689  -0.0052
1.2690  -0.0046
1.2692  -0.0030
1.2694  -0.0012
1.2695  -0.0003
1.2697  0.0000
1.2698  0.0002
1.2700  0.0013
1.2702  0.0033
1.2703  0.0047
1.2705  0.0042
1.2706  0.0014
1.2708  -0.0024
1.2710  -0.0052
1.2711  -0.0057
1.2713  -0.0040
1.2715  -0.0017
1.2716  -0.0011
1.2718  -0.0028
1.2719  -0.0057
1.2721  -0.0087
1.2723  -0.0104
1.2724  -0.0106
1.2726  -0.0098
1.2728  -0.0081
1.2729  -0.0056
1.2731  -0.0028
1.2732  -0.0001
1.2734  0.0022
1.2736  0.0039
1.2737  0.0042
1.2739  0.0027
1.2740  -0.0002
1.2742  -0.0034
1.2744  -0.0055
1.2745  -0.0056
1.2747  -0.0034
1.2749  0.0000
1.2750  0.0032
1.2752  0.0051
1.2753  0.0058
1.2755  0.0055
1.2757  0.0049
1.2758  0.0040
1.2760  0.0025
1.2762  0.0009
1.2763  -0.0004
1.2765  -0.0013
1.2767  -0.0018
1.2768  -0.0020
1.2770  -0.0016
1.2771  -0.0003
1.2773  0.0021
1.2775  0.0046
1.2776  0.0062
1.2778  0.0060
1.2780  0.0044
1.2781  0.0026
1.2783  0.0015
1.2784  0.0008
1.2786  -0.0001
1.2788  -0.0020
1.2789  -0.0045
1.2791  -0.0056
1.2793  -0.0049
1.2794  -0.0032
1.2796  -0.0021
1.2798  -0.0028
1.2799  -0.0048
1.2801  -0.0059
1.2802  -0.0045
1.2804  -0.0003
1.2806  0.0051
1.2807  0.0092
1.2809  0.0105
1.2811  0.0091
1.2812  0.0063
1.2814  0.0038
1.2816  0.0022
1.2817  0.0015
1.2819  0.0015
1.2821  0.0015
1.2822  0.0014
1.2824  0.0007
1.2825  -0.0010
1.2827  -0.0034
1.2829  -0.0057
1.2830  -0.0072
1.2832  -0.0077
1.2834  -0.0074
1.2835  -0.0071
1.2837  -0.0070
1.2839  -0.0067
1.2840  -0.0062
1.2842  -0.0054
1.2844  -0.0051
1.2845  -0.0062
1.2847  -0.0080
1.2849  -0.0096
1.2850  -0.0097
1.2852  -0.0077
1.2853  -0.0043
1.2855  -0.0012
1.2857  0.0010
1.2858  0.0019
1.2860  0.0020
1.2862  0.0019
1.2863  0.0018
1.2865  0.0018
1.2867  0.0029
1.2868  0.0052
1.2870  0.0079
1.2872  0.0096
1.2873  0.0084
1.2875  0.0043
1.2877  -0.0010
1.2878  -0.0050
1.2880  -0.0054
1.2882  -0.0023
1.2883  0.0026
1.2885  0.0067
1.2887  0.0083
1.2888  0.0067
1.2890  0.0026
1.2892  -0.0024
1.2893  -0.0065
1.2895  -0.0080
1.2897  -0.0065
1.2898  -0.0030
1.2900  0.0007
1.2902  0.0030
1.2903  0.0030
1.2905  0.0008
1.2907  -0.0025
1.2908  -0.0057
1.2910  -0.0077
1.2912  -0.0082
1.2913  -0.0075
1.2915  -0.0066
1.2917  -0.0064
1.2918  -0.0074
1.2920  -0.0089
1.2922  -0.0089
1.2923  -0.0063
1.2925  -0.0016
1.2927  0.0041
1.2928  0.0089
1.2930  0.0117
1.2932  0.0129
1.2933  0.0129
1.2935  0.0119
1.2937  0.0101
1.2938  0.0075
1.2940  0.0047
1.2942  0.0027
1.2943  0.0014
1.2945  0.0006
1.2947  0.0004
1.2948  0.0008
1.2950  0.0023
1.2952  0.0051
1.2953  0.0078
1.2955  0.0094
1.2957  0.0097
1.2958  0.0091
1.2960  0.0087
1.2962  0.0088
1.2963  0.0088
1.2965  0.0077
1.2967  0.0046
1.2968  0.0000
1.2970  -0.0046
1.2972  -0.0076
1.2974  -0.0086
1.2975  -0.0077
1.2977  -0.0061
1.2979  -0.0050
1.2980  -0.0051
1.2982  -0.0060
1.2984  -0.0064
1.2985  -0.0054
1.2987  -0.0028
1.2989  0.0001
1.2990  0.0016
1.2992  0.0012
1.2994  -0.0007
1.2995  -0.0026
1.2997  -0.0034
1.2999  -0.0035
1.3001  -0.0040
1.3002  -0.0046
1.3004  -0.0054
1.3006  -0.0051
1.3007  -0.0036
1.3009  -0.0024
1.3011  -0.0022
1.3012  -0.0027
1.3014  -0.0030
1.3016  -0.0023
1.3017  -0.0008
1.3019  -0.0001
1.3021  -0.0010
1.3023  -0.0030
1.3024  -0.0057
1.3026  -0.0081
1.3028  -0.0103
1.3029  -0.0124
1.3031  -0.0135
1.3033  -0.0123
1.3034  -0.0091
1.3036  -0.0049
1.3038  -0.0016
1.3040  -0.0007
1.3041  -0.0010
1.3043  -0.0008
1.3045  0.0006
1.3046  0.0029
1.3048  0.0046
1.3050  0.0044
1.3051  0.0033
1.3053  0.0022
1.3055  0.0013
1.3057  0.0005
1.3058  -0.0007
1.3060  -0.0019
1.3062  -0.0013
1.3063  0.0011
1.3065  0.0043
1.3067  0.0070
1.3068  0.0080
1.3070  0.0073
1.3072  0.0061
1.3074  0.0045
1.3075  0.0023
1.3077  -0.0008
1.3079  -0.0049
1.3080  -0.0085
1.3082  -0.0100
1.3084  -0.0097
1.3086  -0.0086
1.3087  -0.0081
1.3089  -0.0090
1.3091  -0.0104
1.3092  -0.0108
1.3094  -0.0092
1.3096  -0.0053
1.3098  -0.0009
1.3099  0.0022
1.3101  0.0031
1.3103  0.0016
1.3104  -0.0010
1.3106  -0.0034
1.3108  -0.0044
1.3110  -0.0038
1.3111  -0.0025
1.3113  -0.0012
1.3115  -0.0006
1.3116  -0.0008
1.3118  -0.0015
1.3120  -0.0020
1.3122  -0.0016
1.3123  -0.0001
1.3125  0.0020
1.3127  0.0036
1.3129  0.0038
1.3130  0.0027
1.3132  0.0011
1.3134  0.0007
1.3135  0.0022
1.3137  0.0045
1.3139  0.0059
1.3141  0.0056
1.3142  0.0035
1.3144  0.0013
1.3146  0.0002
1.3148  0.0000
1.3149  0.0005
1.3151  0.0013
1.3153  0.0025
1.3154  0.0046
1.3156  0.0070
1.3158  0.0082
1.3160  0.0073
1.3161  0.0040
1.3163  -0.0005
1.3165  -0.0040
1.3167  -0.0053
1.3168  -0.0045
1.3170  -0.0021
1.3172  0.0006
1.3173  0.0033
1.3175  0.0055
1.3177  0.0063
1.3179  0.0054
1.3180  0.0030
1.3182  -0.0002
1.3184  -0.0024
1.3186  -0.0029
1.3187  -0.0019
1.3189  -0.0005
1.3191  0.0005
1.3193  0.0008
1.3194  0.0013
1.3196  0.0028
1.3198  0.0058
1.3200  0.0092
1.3201  0.0109
1.3203  0.0096
1.3205  0.0051
1.3207  -0.0011
1.3208  -0.0066
1.3210  -0.0095
1.3212  -0.0092
1.3214  -0.0066
1.3215  -0.0032
1.3217  -0.0001
1.3219  0.0028
1.3221  0.0049
1.3222  0.0061
1.3224  0.0068
1.3226  0.0070
1.3228  0.0077
1.3229  0.0091
1.3231  0.0103
1.3233  0.0104
1.3235  0.0092
1.3236  0.0068
1.3238  0.0048
1.3240  0.0038
1.3242  0.0032
1.3243  0.0024
1.3245  0.0012
1.3247  0.0003
1.3249  0.0015
1.3250  0.0049
1.3252  0.0089
1.3254  0.0114
1.3256  0.0109
1.3257  0.0079
1.3259  0.0050
1.3261  0.0036
1.3263  0.0038
1.3264  0.0047
1.3266  0.0050
1.3268  0.0047
1.3270  0.0045
1.3271  0.0052
1.3273  0.0069
1.3275  0.0089
1.3277  0.0103
1.3278  0.0103
1.3280  0.0088
1.3282  0.0056
1.3284  0.0015
1.3286  -0.0020
1.3287  -0.0036
1.3289  -0.0026
1.3291  0.0000
1.3293  0.0026
1.3294  0.0036
1.3296  0.0029
1.3298  0.0010
1.3300  -0.0002
1.3301  -0.0002
1.3303  0.0008
1.3305  0.0021
1.3307  0.0030
1.3308  0.0033
1.3310  0.0037
1.3312  0.0045
1.3314  0.0057
1.3316  0.0073
1.3317  0.0088
1.3319  0.0097
1.3321  0.0095
1.3323  0.0081
1.3324  0.0057
1.3326  0.0032
1.3328  0.0013
1.3330  0.0006
1.3332  0.0010
1.3333  0.0022
1.3335  0.0036
1.3337  0.0046
1.3339  0.0048
1.3340  0.0035
1.3342  0.0014
1.3344  -0.0004
1.3346  -0.0009
1.3348  0.0002
1.3349  0.0021
1.3351  0.0031
1.3353  0.0020
1.3355  -0.0011
1.3356  -0.0049
1.3358  -0.0076
1.3360  -0.0085
1.3362  -0.0082
1.3364  -0.0076
1.3365  -0.0074
1.3367  -0.0064
1.3369  -0.0033
1.3371  0.0016
1.3373  0.0072
1.3374  0.0109
1.3376  0.0107
1.3378  0.0075
1.3380  0.0027
1.3382  -0.0019
1.3383  -0.0051
1.3385  -0.0070
1.3387  -0.0077
1.3389  -0.0074
1.3390  -0.0063
1.3392  -0.0051
1.3394  -0.0040
1.3396  -0.0034
1.3398  -0.0027
1.3399  -0.0009
1.3401  0.0019
1.3403  0.0045
1.3405  0.0056
1.3407  0.0044
1.3408  0.0021
1.3410  0.0007
1.3412  0.0009
1.3414  0.0021
1.3416  0.0030
1.3417  0.0023
1.3419  0.0007
1.3421  -0.0004
1.3423  -0.0006
1.3425  -0.0001
1.3426  0.0005
1.3428  0.0006
1.3430  0.0007
1.3432  0.0011
1.3434  0.0010
1.3435  0.0003
1.3437  -0.0011
1.3439  -0.0026
1.3441  -0.0025
1.3443  -0.0012
1.3444  -0.0001
1.3446  -0.0001
1.3448  -0.0014
1.3450  -0.0024
1.3452  -0.0013
1.3454  0.0017
1.3455  0.0045
1.3457  0.0058
1.3459  0.0045
1.3461  0.0023
1.3463  0.0012
1.3464  0.0014
1.3466  0.0021
1.3468  0.0022
1.3470  0.0008
1.3472  -0.0006
1.3473  -0.0004
1.3475  0.0017
1.3477  0.0052
1.3479  0.0081
1.3481  0.0091
1.3483  0.0082
1.3484  0.0066
1.3486  0.0054
1.3488  0.0053
1.3490  0.0058
1.3492  0.0056
1.3493  0.0035
1.3495  -0.0005
1.3497  -0.0053
1.3499  -0.0095
1.3501  -0.0116
1.3503  -0.0113
1.3504  -0.0097
1.3506  -0.0077
1.3508  -0.0063
1.3510  -0.0051
1.3512  -0.0033
1.3514  -0.0008
1.3515  0.0020
1.3517  0.0039
1.3519  0.0040
1.3521  0.0025
1.3523  0.0000
1.3524  -0.0021
1.3526  -0.0027
1.3528  -0.0015
1.3530  0.0009
1.3532  0.0032
1.3534  0.0045
1.3535  0.0045
1.3537  0.0041
1.3539  0.0044
1.3541  0.0054
1.3543  0.0059
1.3545  0.0046
1.3546  0.0005
1.3548  -0.0057
1.3550  -0.0114
1.3552  -0.0151
1.3554  -0.0160
1.3556  -0.0143
1.3557  -0.0116
1.3559  -0.0085
1.3561  -0.0053
1.3563  -0.0027
1.3565  -0.0006
1.3567  0.0006
1.3569  0.0010
1.3570  0.0006
1.3572  -0.0001
1.3574  -0.0011
1.3576  -0.0024
1.3578  -0.0036
1.3580  -0.0046
1.3581  -0.0053
1.3583  -0.0059
1.3585  -0.0071
1.3587  -0.0089
1.3589  -0.0112
1.3591  -0.0131
1.3592  -0.0139
1.3594  -0.0131
1.3596  -0.0104
1.3598  -0.0065
1.3600  -0.0025
1.3602  0.0011
1.3604  0.0041
1.3605  0.0059
1.3607  0.0062
1.3609  0.0048
1.3611  0.0021
1.3613  -0.0003
1.3615  -0.0013
1.3617  0.0002
1.3618  0.0037
1.3620  0.0072
1.3622  0.0087
1.3624  0.0083
1.3626  0.0067
1.3628  0.0061
1.3630  0.0070
1.3631  0.0079
1.3633  0.0073
1.3635  0.0044
1.3637  0.0002
1.3639  -0.0031
1.3641  -0.0044
1.3643  -0.0039
1.3644  -0.0027
1.3646  -0.0025
1.3648  -0.0030
1.3650  -0.0029
1.3652  -0.0023
1.3654  -0.0017
1.3656  -0.0017
1.3657  -0.0028
1.3659  -0.0039
1.3661  -0.0038
1.3663  -0.0026
1.3665  -0.0009
1.3667  0.0001
1.3669  -0.0002
1.3671  -0.0014
1.3672  -0.0027
1.3674  -0.0041
1.3676  -0.0054
1.3678  -0.0064
1.3680  -0.0067
1.3682  -0.0052
1.3684  -0.0021
1.3686  0.0015
1.3687  0.0042
1.3689  0.0046
1.3691  0.0030
1.3693  0.0005
1.3695  -0.0018
1.3697  -0.0035
1.3699  -0.0046
1.3701  -0.0054
1.3702  -0.0064
1.3704  -0.0080
1.3706  -0.0095
1.3708  -0.0102
1.3710  -0.0093
1.3712  -0.0065
1.3714  -0.0031
1.3716  -0.0004
1.3717  0.0012
1.3719  0.0017
1.3721  0.0019
1.3723  0.0023
1.3725  0.0022
1.3727  0.0009
1.3729  -0.0016
1.3731  -0.0044
1.3732  -0.0061
1.3734  -0.0062
1.3736  -0.0053
1.3738  -0.0043
1.3740  -0.0038
1.3742  -0.0035
1.3744  -0.0026
1.3746  -0.0013
1.3748  -0.0002
1.3749  0.0001
1.3751  -0.0003
1.3753  -0.0010
1.3755  -0.0010
1.3757  -0.0007
1.3759  -0.0004
1.3761  0.0000
1.3763  0.0007
1.3765  0.0026
1.3767  0.0058
1.3768  0.0089
1.3770  0.0106
1.3772  0.0103
1.3774  0.0082
1.3776  0.0057
1.3778  0.0036
1.3780  0.0019
1.3782  0.0003
1.3784  -0.0014
1.3785  -0.0031
1.3787  -0.0042
1.3789  -0.0044
1.3791  -0.0036
1.3793  -0.0021
1.3795  -0.0003
1.3797  0.0014
1.3799  0.0021
1.3801  0.0018
1.3803  0.0003
1.3805  -0.0015
1.3806  -0.0027
1.3808  -0.0031
1.3810  -0.0029
1.3812  -0.0029
1.3814  -0.0036
1.3816  -0.0046
1.3818  -0.0053
1.3820  -0.0050
1.3822  -0.0040
1.3824  -0.0026
1.3826  -0.0016
1.3827  -0.0021
1.3829  -0.0042
1.3831  -0.0073
1.3833  -0.0102
1.3835  -0.0113
1.3837  -0.0101
1.3839  -0.0072
1.3841  -0.0039
1.3843  -0.0023
1.3845  -0.0026
1.3847  -0.0038
1.3848  -0.0044
1.3850  -0.0036
1.3852  -0.0020
1.3854  -0.0016
1.3856  -0.0029
1.3858  -0.0051
1.3860  -0.0066
1.3862  -0.0061
1.3864  -0.0045
1.3866  -0.0035
1.3868  -0.0038
1.3870  -0.0051
1.3872  -0.0058
1.3873  -0.0048
1.3875  -0.0030
1.3877  -0.0015
1.3879  -0.0013
1.3881  -0.0023
1.3883  -0.0026
1.3885  -0.0010
1.3887  0.0020
1.3889  0.0051
1.3891  0.0068
1.3893  0.0065
1.3895  0.0051
1.3897  0.0031
1.3899  0.0009
1.3900  -0.0010
1.3902  -0.0027
1.3904  -0.0037
1.3906  -0.0036
1.3908  -0.0025
1.3910  -0.0012
1.3912  0.0000
1.3914  0.0010
1.3916  0.0018
1.3918  0.0023
1.3920  0.0016
1.3922  -0.0007
1.3924  -0.0039
1.3926  -0.0070
1.3928  -0.0080
1.3930  -0.0063
1.3931  -0.0032
1.3933  -0.0002
1.3935  0.0018
1.3937  0.0024
1.3939  0.0022
1.3941  0.0019
1.3943  0.0015
1.3945  0.0012
1.3947  0.0007
1.3949  0.0000
1.3951  -0.0009
1.3953  -0.0021
1.3955  -0.0036
1.3957  -0.0051
1.3959  -0.0060
1.3961  -0.0060
1.3963  -0.0053
1.3965  -0.0047
1.3966  -0.0050
1.3968  -0.0063
1.3970  -0.0077
1.3972  -0.0082
1.3974  -0.0066
1.3976  -0.0033
1.3978  0.0006
1.3980  0.0038
1.3982  0.0053
1.3984  0.0057
1.3986  0.0057
1.3988  0.0062
1.3990  0.0072
1.3992  0.0080
1.3994  0.0078
1.3996  0.0065
1.3998  0.0047
1.4000  0.0036
1.4002  0.0037
1.4004  0.0048
1.4006  0.0059
1.4008  0.0063
1.4010  0.0057
1.4011  0.0042
1.4013  0.0021
1.4015  -0.0007
1.4017  -0.0037
1.4019  -0.0064
1.4021  -0.0072
1.4023  -0.0054
1.4025  -0.0017
1.4027  0.0023
1.4029  0.0046
1.4031  0.0045
1.4033  0.0027
1.4035  0.0010
1.4037  0.0007
1.4039  0.0026
1.4041  0.0058
1.4043  0.0089
1.4045  0.0109
1.4047  0.0110
1.4049  0.0091
1.4051  0.0056
1.4053  0.0013
1.4055  -0.0028
1.4057  -0.0059
1.4059  -0.0077
1.4061  -0.0085
1.4063  -0.0085
1.4065  -0.0075
1.4067  -0.0052
1.4069  -0.0016
1.4071  0.0029
1.4073  0.0070
1.4075  0.0095
1.4077  0.0094
1.4079  0.0075
1.4081  0.0047
1.4083  0.0023
1.4085  0.0009
1.4086  0.0004
1.4088  0.0000
1.4090  -0.0010
1.4092  -0.0032
1.4094  -0.0062
1.4096  -0.0092
1.4098  -0.0110
1.4100  -0.0108
1.4102  -0.0087
1.4104  -0.0055
1.4106  -0.0023
1.4108  0.0001
1.4110  0.0013
1.4112  0.0019
1.4114  0.0027
1.4116  0.0042
1.4118  0.0062
1.4120  0.0078
1.4122  0.0079
1.4124  0.0063
1.4126  0.0034
1.4128  0.0004
1.4130  -0.0015
1.4132  -0.0019
1.4134  -0.0011
1.4136  0.0003
1.4138  0.0012
1.4140  0.0013
1.4142  0.0006
1.4144  -0.0005
1.4146  -0.0014
1.4148  -0.0013
1.4150  -0.0003
1.4152  0.0010
1.4154  0.0017
1.4156  0.0007
1.4158  -0.0017
1.4160  -0.0044
1.4162  -0.0058
1.4164  -0.0048
1.4166  -0.0016
1.4168  0.0020
1.4170  0.0045
1.4172  0.0046
1.4174  0.0027
1.4176  0.0001
1.4178  -0.0022
1.4180  -0.0038
1.4182  -0.0047
1.4184  -0.0055
1.4186  -0.0059
1.4188  -0.0056
1.4190  -0.0046
1.4192  -0.0028
1.4194  -0.0010
1.4196  0.0003
1.4198  0.0011
1.4201  0.0013
1.4203  0.0009
1.4205  0.0000
1.4207  -0.0013
1.4209  -0.0026
1.4211  -0.0032
1.4213  -0.0028
1.4215  -0.0017
1.4217  -0.0006
1.4219  -0.0004
1.4221  -0.0010
1.4223  -0.0015
1.4225  -0.0012
1.4227  -0.0002
1.4229  0.0013
1.4231  0.0021
1.4233  0.0022
1.4235  0.0018
1.4237  0.0011
1.4239  0.0005
1.4241  -0.0005
1.4243  -0.0018
1.4245  -0.0033
1.4247  -0.0045
1.4249  -0.0054
1.4251  -0.0057
1.4253  -0.0055
1.4255  -0.0050
1.4257  -0.0037
1.4259  -0.0020
1.4261  -0.0003
1.4263  0.0007
1.4265  0.0009
1.4267  0.0004
1.4269  -0.0003
1.4271  -0.0009
1.4273  -0.0017
1.4276  -0.0028
1.4278  -0.0040
1.4280  -0.0048
1.4282  -0.0047
1.4284  -0.0040
1.4286  -0.0031
1.4288  -0.0024
1.4290  -0.0020
1.4292  -0.0016
1.4294  -0.0010
1.4296  -0.0005
1.4298  0.0000
1.4300  0.0007
1.4302  0.0019
1.4304  0.0032
1.4306  0.0043
1.4308  0.0042
1.4310  0.0029
1.4312  0.0015
1.4314  0.0009
1.4316  0.0012
1.4318  0.0020
1.4320  0.0022
1.4323  0.0015
1.4325  0.0011
1.4327  0.0014
1.4329  0.0024
1.4331  0.0032
1.4333  0.0026
1.4335  0.0010
1.4337  -0.0006
1.4339  -0.0015
1.4341  -0.0015
1.4343  -0.0014
1.4345  -0.0020
1.4347  -0.0030
1.4349  -0.0036
1.4351  -0.0035
1.4353  -0.0023
1.4355  -0.0003
1.4358  0.0019
1.4360  0.0041
1.4362  0.0057
1.4364  0.0056
1.4366  0.0037
1.4368  0.0005
1.4370  -0.0023
1.4372  -0.0032
1.4374  -0.0017
1.4376  0.0011
1.4378  0.0038
1.4380  0.0053
1.4382  0.0053
1.4384  0.0045
1.4386  0.0035
1.4388  0.0022
1.4391  0.0010
1.4393  0.0000
1.4395  -0.0005
1.4397  -0.0001
1.4399  0.0005
1.4401  0.0010
1.4403  0.0009
1.4405  0.0003
1.4407  -0.0004
1.4409  -0.0010
1.4411  -0.0010
1.4413  -0.0006
1.4415  0.0006
1.4418  0.0021
1.4420  0.0031
1.4422  0.0027
1.4424  0.0010
1.4426  -0.0014
1.4428  -0.0034
1.4430  -0.0043
1.4432  -0.0044
1.4434  -0.0038
1.4436  -0.0029
1.4438  -0.0019
1.4440  -0.0004
1.4443  0.0011
1.4445  0.0021
1.4447  0.0024
1.4449  0.0022
1.4451  0.0018
1.4453  0.0017
1.4455  0.0017
1.4457  0.0012
1.4459  0.0007
1.4461  0.0006
1.4463  0.0010
1.4465  0.0019
1.4468  0.0022
1.4470  0.0013
1.4472  -0.0004
1.4474  -0.0023
1.4476  -0.0035
1.4478  -0.0038
1.4480  -0.0036
1.4482  -0.0033
1.4484  -0.0030
1.4486  -0.0026
1.4489  -0.0021
1.4491  -0.0018
1.4493  -0.0019
1.4495  -0.0024
1.4497  -0.0030
1.4499  -0.0034
1.4501  -0.0033
1.4503  -0.0024
1.4505  -0.0003
1.4507  0.0027
1.4510  0.0060
1.4512  0.0079
1.4514  0.0073
1.4516  0.0046
1.4518  0.0011
1.4520  -0.0016
1.4522  -0.0024
1.4524  -0.0020
1.4526  -0.0013
1.4529  -0.0007
1.4531  -0.0002
1.4533  0.0004
1.4535  0.0012
1.4537  0.0016
1.4539  0.0014
1.4541  0.0014
1.4543  0.0021
1.4545  0.0038
1.4548  0.0058
1.4550  0.0066
1.4552  0.0055
1.4554  0.0034
1.4556  0.0010
1.4558  -0.0003
1.4560  -0.0007
1.4562  -0.0009
1.4565  -0.0010
1.4567  -0.0010
1.4569  -0.0006
1.4571  0.0003
1.4573  0.0014
1.4575  0.0020
1.4577  0.0018
1.4579  0.0011
1.4582  -0.0001
1.4584  -0.0014
1.4586  -0.0025
1.4588  -0.0031
1.4590  -0.0028
1.4592  -0.0015
1.4594  0.0006
1.4596  0.0026
1.4599  0.0040
1.4601  0.0042
1.4603  0.0033
1.4605  0.0016
1.4607  -0.0003
1.4609  -0.0021
1.4611  -0.0035
1.4613  -0.0040
1.4616  -0.0036
1.4618  -0.0025
1.4620  -0.0010
1.4622  0.0005
1.4624  0.0015
1.4626  0.0021
1.4628  0.0023
1.4631  0.0021
1.4633  0.0016
1.4635  0.0004
1.4637  -0.0013
1.4639  -0.0033
1.4641  -0.0048
1.4643  -0.0052
1.4646  -0.0041
1.4648  -0.0020
1.4650  0.0000
1.4652  0.0013
1.4654  0.0015
1.4656  0.0014
1.4658  0.0015
1.4661  0.0017
1.4663  0.0016
1.4665  0.0005
1.4667  -0.0014
1.4669  -0.0032
1.4671  -0.0041
1.4674  -0.0034
1.4676  -0.0017
1.4678  -0.0002
1.4680  0.0002
1.4682  -0.0007
1.4684  -0.0027
1.4686  -0.0050
1.4689  -0.0065
1.4691  -0.0067
1.4693  -0.0055
1.4695  -0.0035
1.4697  -0.0016
1.4699  -0.0008
1.4702  -0.0011
1.4704  -0.0020
1.4706  -0.0025
1.4708  -0.0019
1.4710  -0.0002
1.4712  0.0019
1.4715  0.0038
1.4717  0.0049
1.4719  0.0048
1.4721  0.0036
1.4723  0.0014
1.4725  -0.0010
1.4728  -0.0031
1.4730  -0.0044
1.4732  -0.0048
1.4734  -0.0045
1.4736  -0.0038
1.4738  -0.0031
1.4741  -0.0025
1.4743  -0.0024
1.4745  -0.0028
1.4747  -0.0034
1.4749  -0.0037
1.4751  -0.0031
1.4754  -0.0018
1.4756  -0.0003
1.4758  0.0006
1.4760  0.0009
1.4762  0.0006
1.4765  0.0003
1.4767  0.0004
1.4769  0.0007
1.4771  0.0010
1.4773  0.0018
1.4775  0.0029
1.4778  0.0045
1.4780  0.0058
1.4782  0.0059
1.4784  0.0049
1.4786  0.0034
1.4789  0.0023
1.4791  0.0021
1.4793  0.0025
1.4795  0.0021
1.4797  0.0008
1.4799  -0.0010
1.4802  -0.0026
1.4804  -0.0032
1.4806  -0.0032
1.4808  -0.0032
1.4810  -0.0034
1.4813  -0.0039
1.4815  -0.0042
1.4817  -0.0040
1.4819  -0.0035
1.4821  -0.0030
1.4824  -0.0028
1.4826  -0.0029
1.4828  -0.0031
1.4830  -0.0032
1.4832  -0.0033
1.4835  -0.0031
1.4837  -0.0026
1.4839  -0.0018
1.4841  -0.0010
1.4843  -0.0003
1.4846  0.0002
1.4848  0.0003
1.4850  0.0000
1.4852  -0.0007
1.4854  -0.0015
1.4857  -0.0021
1.4859  -0.0021
1.4861  -0.0014
1.4863  -0.0004
1.4865  0.0005
1.4868  0.0011
1.4870  0.0017
1.4872  0.0025
1.4874  0.0030
1.4877  0.0028
1.4879  0.0014
1.4881  -0.0010
1.4883  -0.0031
1.4885  -0.0037
1.4888  -0.0027
1.4890  -0.0009
1.4892  0.0001
1.4894  -0.0004
1.4896  -0.0018
1.4899  -0.0032
1.4901  -0.0036
1.4903  -0.0028
1.4905  -0.0017
1.4908  -0.0009
1.4910  -0.0008
1.4912  -0.0014
1.4914  -0.0021
1.4916  -0.0024
1.4919  -0.0020
1.4921  -0.0009
1.4923  0.0005
1.4925  0.0013
1.4928  0.0008
1.4930  -0.0005
1.4932  -0.0017
1.4934  -0.0019
1.4937  -0.0007
1.4939  0.0009
1.4941  0.0021
1.4943  0.0025
1.4945  0.0024
1.4948  0.0026
1.4950  0.0032
1.4952  0.0036
1.4954  0.0030
1.4957  0.0018
1.4959  0.0007
1.4961  0.0007
1.4963  0.0019
1.4966  0.0029
1.4968  0.0030
1.4970  0.0015
1.4972  -0.0009
1.4975  -0.0026
1.4977  -0.0030
1.4979  -0.0021
1.4981  -0.0005
1.4984  0.0010
1.4986  0.0019
1.4988  0.0023
1.4990  0.0021
1.4993  0.0015
1.4995  0.0008
1.4997  0.0002
1.4999  -0.0003
1.5002  -0.0008
1.5004  -0.0014
1.5006  -0.0021
1.5008  -0.0027
1.5011  -0.0031
1.5013  -0.0031
1.5015  -0.0026
1.5017  -0.0018
1.5020  -0.0012
1.5022  -0.0009
1.5024  -0.0012
1.5026  -0.0022
1.5029  -0.0035
1.5031  -0.0045
1.5033  -0.0047
1.5035  -0.0038
1.5038  -0.0025
1.5040  -0.0015
1.5042  -0.0008
1.5044  -0.0005
1.5047  -0.0002
1.5049  0.0003
1.5051  0.0003
1.5053  -0.0005
1.5056  -0.0018
1.5058  -0.0032
1.5060  -0.0037
1.5063  -0.0026
1.5065  -0.0007
1.5067  0.0011
1.5069  0.0022
1.5072  0.0024
1.5074  0.0021
1.5076  0.0018
1.5078  0.0015
1.5081  0.0010
1.5083  0.0001
1.5085  -0.0011
1.5088  -0.0023
1.5090  -0.0032
1.5092  -0.0032
1.5094  -0.0027
1.5097  -0.0021
1.5099  -0.0019
1.5101  -0.0024
1.5103  -0.0032
1.5106  -0.0035
1.5108  -0.0032
1.5110  -0.0024
1.5113  -0.0017
1.5115  -0.0020
1.5117  -0.0027
1.5119  -0.0033
1.5122  -0.0029
1.5124  -0.0014
1.5126  0.0004
1.5129  0.0015
1.5131  0.0017
1.5133  0.0010
1.5135  0.0003
1.5138  0.0000
1.5140  0.0002
1.5142  0.0005
1.5145  0.0007
1.5147  0.0005
1.5149  0.0000
1.5152  -0.0005
1.5154  -0.0009
1.5156  -0.0006
1.5158  0.0003
1.5161  0.0014
1.5163  0.0020
1.5165  0.0016
1.5168  0.0002
1.5170  -0.0015
1.5172  -0.0027
1.5175  -0.0032
1.5177  -0.0032
1.5179  -0.0031
1.5181  -0.0031
1.5184  -0.0031
1.5186  -0.0026
1.5188  -0.0019
1.5191  -0.0010
1.5193  0.0001
1.5195  0.0014
1.5198  0.0027
1.5200  0.0038
1.5202  0.0040
1.5205  0.0032
1.5207  0.0020
1.5209  0.0009
1.5211  0.0006
1.5214  0.0011
1.5216  0.0015
1.5218  0.0016
1.5221  0.0013
1.5223  0.0009
1.5225  0.0006
1.5228  0.0005
1.5230  0.0002
1.5232  0.0000
1.5235  0.0000
1.5237  0.0003
1.5239  0.0008
1.5242  0.0012
1.5244  0.0011
1.5246  0.0008
1.5249  0.0009
1.5251  0.0014
1.5253  0.0024
1.5256  0.0035
1.5258  0.0043
1.5260  0.0051
1.5263  0.0057
1.5265  0.0060
1.5267  0.0056
1.5270  0.0043
1.5272  0.0024
1.5274  0.0005
1.5277  -0.0006
1.5279  -0.0009
1.5281  -0.0005
1.5284  0.0002
1.5286  0.0006
1.5288  0.0006
1.5291  0.0002
1.5293  -0.0005
1.5295  -0.0011
1.5298  -0.0014
1.5300  -0.0014
1.5302  -0.0011
1.5305  -0.0009
1.5307  -0.0010
1.5309  -0.0011
1.5312  -0.0013
1.5314  -0.0013
1.5316  -0.0013
1.5319  -0.0015
1.5321  -0.0020
1.5323  -0.0026
1.5326  -0.0030
1.5328  -0.0029
1.5330  -0.0021
1.5333  -0.0006
1.5335  0.0015
1.5337  0.0037
1.5340  0.0055
1.5342  0.0059
1.5344  0.0052
1.5347  0.0036
1.5349  0.0019
1.5352  0.0006
1.5354  -0.0004
1.5356  -0.0016
1.5359  -0.0028
1.5361  -0.0035
1.5363  -0.0033
1.5366  -0.0019
1.5368  -0.0001
1.5370  0.0013
1.5373  0.0020
1.5375  0.0018
1.5378  0.0011
1.5380  0.0003
1.5382  -0.0007
1.5385  -0.0018
1.5387  -0.0025
1.5389  -0.0025
1.5392  -0.0016
1.5394  0.0001
1.5396  0.0020
1.5399  0.0034
1.5401  0.0044
1.5404  0.0046
1.5406  0.0040
1.5408  0.0026
1.5411  0.0006
1.5413  -0.0013
1.5415  -0.0022
1.5418  -0.0021
1.5420  -0.0014
1.5423  -0.0010
1.5425  -0.0015
1.5427  -0.0025
1.5430  -0.0031
1.5432  -0.0030
1.5434  -0.0018
1.5437  -0.0003
1.5439  0.0008
1.5442  0.0016
1.5444  0.0021
1.5446  0.0026
1.5449  0.0031
1.5451  0.0030
1.5454  0.0023
1.5456  0.0010
1.5458  -0.0004
1.5461  -0.0012
1.5463  -0.0013
1.5466  -0.0007
1.5468  0.0000
1.5470  0.0004
1.5473  0.0001
1.5475  -0.0008
1.5477  -0.0017
1.5480  -0.0020
1.5482  -0.0014
1.5485  -0.0003
1.5487  0.0010
1.5489  0.0017
1.5492  0.0016
1.5494  0.0008
1.5497  -0.0005
1.5499  -0.0022
1.5501  -0.0036
1.5504  -0.0043
1.5506  -0.0041
1.5509  -0.0030
1.5511  -0.0015
1.5513  -0.0002
1.5516  0.0006
1.5518  0.0012
1.5521  0.0017
1.5523  0.0021
1.5526  0.0018
1.5528  0.0007
1.5530  -0.0012
1.5533  -0.0030
1.5535  -0.0036
1.5538  -0.0030
1.5540  -0.0016
1.5542  0.0000
1.5545  0.0012
1.5547  0.0019
1.5550  0.0026
1.5552  0.0030
1.5555  0.0028
1.5557  0.0018
1.5559  -0.0002
1.5562  -0.0022
1.5564  -0.0034
1.5567  -0.0035
1.5569  -0.0026
1.5571  -0.0014
1.5574  -0.0004
1.5576  0.0004
1.5579  0.0009
1.5581  0.0009
1.5584  0.0005
1.5586  -0.0005
1.5588  -0.0016
1.5591  -0.0024
1.5593  -0.0025
1.5596  -0.0020
1.5598  -0.0012
1.5601  -0.0004
1.5603  0.0000
1.5605  0.0001
1.5608  0.0000
1.5610  -0.0004
1.5613  -0.0009
1.5615  -0.0015
1.5618  -0.0018
1.5620  -0.0016
1.5623  -0.0007
1.5625  0.0007
1.5627  0.0022
1.5630  0.0033
1.5632  0.0032
1.5635  0.0019
1.5637  -0.0003
1.5640  -0.0024
1.5642  -0.0035
1.5645  -0.0033
1.5647  -0.0023
1.5649  -0.0012
1.5652  -0.0008
1.5654  -0.0010
1.5657  -0.0013
1.5659  -0.0015
1.5662  -0.0016
1.5664  -0.0017
1.5667  -0.0019
1.5669  -0.0020
1.5672  -0.0011
1.5674  0.0005
1.5676  0.0024
1.5679  0.0036
1.5681  0.0035
1.5684  0.0021
1.5686  0.0004
1.5689  -0.0014
1.5691  -0.0028
1.5694  -0.0037
1.5696  -0.0042
1.5699  -0.0041
1.5701  -0.0034
1.5704  -0.0029
1.5706  -0.0027
1.5708  -0.0031
1.5711  -0.0036
1.5713  -0.0035
1.5716  -0.0027
1.5718  -0.0016
1.5721  -0.0008
1.5723  -0.0005
1.5726  -0.0005
1.5728  -0.0004
1.5731  0.0001
1.5733  0.0009
1.5736  0.0018
1.5738  0.0025
1.5741  0.0031
1.5743  0.0033
1.5746  0.0029
1.5748  0.0017
1.5751  0.0001
1.5753  -0.0013
1.5755  -0.0021
1.5758  -0.0023
1.5760  -0.0021
1.5763  -0.0019
1.5765  -0.0015
1.5768  -0.0006
1.5770  0.0006
1.5773  0.0017
1.5775  0.0020
1.5778  0.0014
1.5780  0.0006
1.5783  0.0001
1.5785  0.0003
1.5788  0.0010
1.5790  0.0015
1.5793  0.0015
1.5795  0.0013
1.5798  0.0014
1.5800  0.0019
1.5803  0.0027
1.5805  0.0034
1.5808  0.0034
1.5810  0.0027
1.5813  0.0011
1.5815  -0.0007
1.5818  -0.0023
1.5820  -0.0030
1.5823  -0.0027
1.5825  -0.0018
1.5828  -0.0011
1.5830  -0.0010
1.5833  -0.0014
1.5835  -0.0017
1.5838  -0.0017
1.5840  -0.0015
1.5843  -0.0017
1.5845  -0.0023
1.5848  -0.0028
1.5850  -0.0027
1.5853  -0.0019
1.5855  -0.0010
1.5858  -0.0006
1.5860  -0.0011
1.5863  -0.0015
1.5865  -0.0016
1.5868  -0.0012
1.5870  -0.0005
1.5873  -0.0004
1.5876  -0.0005
1.5878  -0.0007
1.5881  -0.0008
1.5883  -0.0007
1.5886  -0.0006
1.5888  -0.0006
1.5891  -0.0004
1.5893  0.0004
1.5896  0.0011
1.5898  0.0013
1.5901  0.0007
1.5903  -0.0006
1.5906  -0.0015
1.5908  -0.0013
1.5911  -0.0005
1.5913  0.0005
1.5916  0.0006
1.5918  -0.0002
1.5921  -0.0012
1.5924  -0.0019
1.5926  -0.0020
1.5929  -0.0015
1.5931  -0.0008
1.5934  -0.0002
1.5936  0.0002
1.5939  0.0004
1.5941  0.0004
1.5944  0.0005
1.5946  0.0009
1.5949  0.0014
1.5952  0.0018
1.5954  0.0018
1.5957  0.0013
1.5959  0.0007
1.5962  0.0004
1.5964  0.0005
1.5967  0.0006
1.5969  0.0005
1.5972  -0.0001
1.5974  -0.0009
1.5977  -0.0016
1.5980  -0.0023
1.5982  -0.0030
1.5985  -0.0034
1.5987  -0.0036
1.5990  -0.0032
1.5992  -0.0025
1.5995  -0.0019
1.5997  -0.0016
1.6000  -0.0015
1.6003  -0.0012
1.6005  -0.0006
1.6008  0.0002
1.6010  0.0004
1.6013  0.0000
1.6015  -0.0010
1.6018  -0.0019
1.6021  -0.0023
1.6023  -0.0025
1.6026  -0.0026
1.6028  -0.0027
1.6031  -0.0026
1.6033  -0.0022
1.6036  -0.0016
1.6038  -0.0011
1.6041  -0.0011
1.6044  -0.0013
1.6046  -0.0016
1.6049  -0.0019
1.6051  -0.0021
1.6054  -0.0025
1.6057  -0.0030
1.6059  -0.0034
1.6062  -0.0034
1.6064  -0.0030
1.6067  -0.0023
1.6069  -0.0015
1.6072  -0.0008
1.6075  -0.0003
1.6077  -0.0002
1.6080  -0.0006
1.6082  -0.0011
1.6085  -0.0013
1.6088  -0.0008
1.6090  0.0002
1.6093  0.0010
1.6095  0.0009
1.6098  -0.0002
1.6100  -0.0016
1.6103  -0.0023
1.6106  -0.0018
1.6108  -0.0004
1.6111  0.0011
1.6113  0.0022
1.6116  0.0027
1.6119  0.0027
1.6121  0.0026
1.6124  0.0025
1.6126  0.0022
1.6129  0.0016
1.6132  0.0006
1.6134  -0.0005
1.6137  -0.0012
1.6139  -0.0014
1.6142  -0.0008
1.6145  0.0002
1.6147  0.0011
1.6150  0.0014
1.6152  0.0008
1.6155  -0.0002
1.6158  -0.0012
1.6160  -0.0017
1.6163  -0.0016
1.6166  -0.0013
1.6168  -0.0009
1.6171  -0.0008
1.6173  -0.0010
1.6176  -0.0013
1.6179  -0.0014
1.6181  -0.0010
1.6184  0.0000
1.6186  0.0015
1.6189  0.0028
1.6192  0.0036
1.6194  0.0037
1.6197  0.0034
1.6200  0.0032
1.6202  0.0033
1.6205  0.0035
1.6207  0.0036
1.6210  0.0034
1.6213  0.0030
1.6215  0.0024
1.6218  0.0016
1.6221  0.0003
1.6223  -0.0012
1.6226  -0.0023
1.6228  -0.0026
1.6231  -0.0017
1.6234  -0.0004
1.6236  0.0006
1.6239  0.0011
1.6242  0.0011
1.6244  0.0011
1.6247  0.0014
1.6250  0.0016
1.6252  0.0017
1.6255  0.0018
1.6258  0.0018
1.6260  0.0019
1.6263  0.0019
1.6265  0.0012
1.6268  -0.0001
1.6271  -0.0013
1.6273  -0.0021
1.6276  -0.0021
1.6279  -0.0014
1.6281  -0.0009
1.6284  -0.0006
1.6287  -0.0005
1.6289  -0.0002
1.6292  0.0003
1.6295  0.0008
1.6297  0.0009
1.6300  0.0008
1.6303  0.0008
1.6305  0.0008
1.6308  0.0010
1.6311  0.0009
1.6313  0.0002
1.6316  -0.0007
1.6319  -0.0014
1.6321  -0.0016
1.6324  -0.0015
1.6327  -0.0011
1.6329  -0.0008
1.6332  -0.0004
1.6335  0.0000
1.6337  0.0007
1.6340  0.0015
1.6343  0.0020
1.6345  0.0022
1.6348  0.0020
1.6351  0.0015
1.6353  0.0010
1.6356  0.0008
1.6359  0.0011
1.6361  0.0017
1.6364  0.0023
1.6367  0.0025
1.6369  0.0020
1.6372  0.0011
1.6375  0.0001
1.6377  -0.0006
1.6380  -0.0010
1.6383  -0.0013
1.6385  -0.0015
1.6388  -0.0015
1.6391  -0.0012
1.6393  -0.0005
1.6396  0.0002
1.6399  0.0010
1.6402  0.0015
1.6404  0.0015
1.6407  0.0012
1.6410  0.0003
1.6412  -0.0007
1.6415  -0.0015
1.6418  -0.0017
1.6420  -0.0013
1.6423  -0.0005
1.6426  0.0002
1.6428  0.0005
1.6431  0.0007
1.6434  0.0009
1.6437  0.0015
1.6439  0.0023
1.6442  0.0029
1.6445  0.0031
1.6447  0.0029
1.6450  0.0023
1.6453  0.0015
1.6455  0.0006
1.6458  -0.0006
1.6461  -0.0015
1.6464  -0.0020
1.6466  -0.0018
1.6469  -0.0010
1.6472  -0.0002
1.6474  0.0002
1.6477  0.0002
1.6480  -0.0003
1.6483  -0.0009
1.6485  -0.0015
1.6488  -0.0023
1.6491  -0.0030
1.6493  -0.0032
1.6496  -0.0025
1.6499  -0.0008
1.6502  0.0013
1.6504  0.0028
1.6507  0.0030
1.6510  0.0017
1.6513  -0.0001
1.6515  -0.0017
1.6518  -0.0024
1.6521  -0.0022
1.6523  -0.0017
1.6526  -0.0016
1.6529  -0.0018
1.6532  -0.0020
1.6534  -0.0018
1.6537  -0.0010
1.6540  -0.0002
1.6543  0.0003
1.6545  0.0005
1.6548  0.0004
1.6551  0.0005
1.6554  0.0008
1.6556  0.0013
1.6559  0.0014
1.6562  0.0011
1.6565  0.0005
1.6567  0.0000
1.6570  0.0000
1.6573  0.0005
1.6576  0.0013
1.6578  0.0020
1.6581  0.0023
1.6584  0.0021
1.6586  0.0016
1.6589  0.0009
1.6592  0.0004
1.6595  0.0000
1.6598  0.0000
1.6600  0.0006
1.6603  0.0017
1.6606  0.0031
1.6609  0.0041
1.6611  0.0044
1.6614  0.0036
1.6617  0.0019
1.6620  0.0000
1.6622  -0.0015
1.6625  -0.0022
1.6628  -0.0021
1.6631  -0.0015
1.6633  -0.0010
1.6636  -0.0006
1.6639  -0.0002
1.6642  0.0002
1.6644  0.0007
1.6647  0.0011
1.6650  0.0012
1.6653  0.0012
1.6656  0.0010
1.6658  0.0008
1.6661  0.0005
1.6664  0.0000
1.6667  -0.0005
1.6669  -0.0011
1.6672  -0.0015
1.6675  -0.0017
1.6678  -0.0016
1.6681  -0.0016
1.6683  -0.0015
1.6686  -0.0013
1.6689  -0.0010
1.6692  -0.0006
1.6694  -0.0003
1.6697  -0.0003
1.6700  -0.0004
1.6703  -0.0004
1.6706  -0.0001
1.6708  0.0006
1.6711  0.0015
1.6714  0.0021
1.6717  0.0021
1.6720  0.0017
1.6722  0.0010
1.6725  0.0004
1.6728  0.0000
1.6731  -0.0002
1.6734  -0.0004
1.6736  -0.0004
1.6739  -0.0003
1.6742  0.0003
1.6745  0.0014
1.6748  0.0028
1.6750  0.0041
1.6753  0.0046
1.6756  0.0041
1.6759  0.0027
1.6762  0.0009
1.6764  -0.0005
1.6767  -0.0008
1.6770  0.0002
1.6773  0.0020
1.6776  0.0037
1.6779  0.0046
1.6781  0.0048
1.6784  0.0042
1.6787  0.0036
1.6790  0.0032
1.6793  0.0031
1.6795  0.0032
1.6798  0.0034
1.6801  0.0034
1.6804  0.0031
1.6807  0.0025
1.6810  0.0016
1.6812  0.0008
1.6815  0.0004
1.6818  0.0003
1.6821  0.0003
1.6824  0.0001
1.6827  -0.0005
1.6829  -0.0011
1.6832  -0.0014
1.6835  -0.0010
1.6838  -0.0003
1.6841  0.0004
1.6844  0.0005
1.6846  0.0000
1.6849  -0.0006
1.6852  -0.0011
1.6855  -0.0014
1.6858  -0.0015
1.6861  -0.0017
1.6863  -0.0017
1.6866  -0.0015
1.6869  -0.0009
1.6872  -0.0001
1.6875  0.0009
1.6878  0.0016
1.6880  0.0020
1.6883  0.0020
1.6886  0.0017
1.6889  0.0015
1.6892  0.0014
1.6895  0.0015
1.6898  0.0016
1.6900  0.0014
1.6903  0.0008
1.6906  0.0001
1.6909  -0.0001
1.6912  0.0005
1.6915  0.0018
1.6918  0.0030
1.6920  0.0036
1.6923  0.0034
1.6926  0.0027
1.6929  0.0021
1.6932  0.0018
1.6935  0.0018
1.6938  0.0021
1.6941  0.0024
1.6943  0.0026
1.6946  0.0026
1.6949  0.0019
1.6952  0.0006
1.6955  -0.0009
1.6958  -0.0017
1.6961  -0.0015
1.6964  -0.0003
1.6966  0.0012
1.6969  0.0022
1.6972  0.0024
1.6975  0.0020
1.6978  0.0012
1.6981  0.0004
1.6984  -0.0005
1.6987  -0.0016
1.6989  -0.0027
1.6992  -0.0034
1.6995  -0.0035
1.6998  -0.0029
1.7001  -0.0018
1.7004  -0.0007
1.7007  0.0004
1.7010  0.0011
1.7013  0.0013
1.7015  0.0010
1.7018  0.0001
1.7021  -0.0009
1.7024  -0.0017
1.7027  -0.0020
1.7030  -0.0017
1.7033  -0.0010
1.7036  -0.0001
1.7039  0.0007
1.7042  0.0014
1.7044  0.0019
1.7047  0.0023
1.7050  0.0028
1.7053  0.0033
1.7056  0.0039
1.7059  0.0043
1.7062  0.0041
1.7065  0.0033
1.7068  0.0021
1.7071  0.0006
1.7074  -0.0008
1.7077  -0.0019
1.7079  -0.0026
1.7082  -0.0026
1.7085  -0.0018
1.7088  -0.0007
1.7091  0.0003
1.7094  0.0008
1.7097  0.0008
1.7100  0.0004
1.7103  0.0002
1.7106  0.0002
1.7109  0.0003
1.7112  0.0001
1.7114  -0.0005
1.7117  -0.0012
1.7120  -0.0015
1.7123  -0.0014
1.7126  -0.0010
1.7129  -0.0008
1.7132  -0.0011
1.7135  -0.0018
1.7138  -0.0023
1.7141  -0.0026
1.7144  -0.0022
1.7147  -0.0016
1.7150  -0.0010
1.7153  -0.0008
1.7156  -0.0010
1.7159  -0.0016
1.7161  -0.0024
1.7164  -0.0030
1.7167  -0.0033
1.7170  -0.0031
1.7173  -0.0026
1.7176  -0.0021
1.7179  -0.0018
1.7182  -0.0017
1.7185  -0.0019
1.7188  -0.0020
1.7191  -0.0020
1.7194  -0.0018
1.7197  -0.0015
1.7200  -0.0014
1.7203  -0.0015
1.7206  -0.0018
1.7209  -0.0021
1.7212  -0.0021
1.7215  -0.0016
1.7218  -0.0008
1.7221  0.0002
1.7224  0.0010
1.7227  0.0014
1.7229  0.0013
1.7232  0.0007
1.7235  -0.0002
1.7238  -0.0010
1.7241  -0.0017
1.7244  -0.0019
1.7247  -0.0018
1.7250  -0.0016
1.7253  -0.0015
1.7256  -0.0015
1.7259  -0.0016
1.7262  -0.0014
1.7265  -0.0009
1.7268  -0.0003
1.7271  0.0001
1.7274  -0.0002
1.7277  -0.0012
1.7280  -0.0026
1.7283  -0.0039
1.7286  -0.0044
1.7289  -0.0041
1.7292  -0.0030
1.7295  -0.0018
1.7298  -0.0010
1.7301  -0.0005
1.7304  -0.0003
1.7307  0.0000
1.7310  0.0005
1.7313  0.0008
1.7316  0.0004
1.7319  -0.0005
1.7322  -0.0015
1.7325  -0.0019
1.7328  -0.0012
1.7331  0.0002
1.7334  0.0016
1.7337  0.0024
1.7340  0.0021
1.7343  0.0012
1.7346  0.0001
1.7349  -0.0006
1.7352  -0.0009
1.7355  -0.0007
1.7358  -0.0003
1.7361  0.0000
1.7364  0.0001
1.7367  0.0000
1.7370  -0.0002
1.7373  -0.0004
1.7376  -0.0003
1.7379  0.0001
1.7382  0.0006
1.7385  0.0011
1.7388  0.0015
1.7391  0.0016
1.7394  0.0012
1.7397  0.0002
1.7400  -0.0013
1.7403  -0.0027
1.7406  -0.0036
1.7409  -0.0036
1.7413  -0.0033
1.7416  -0.0029
1.7419  -0.0028
1.7422  -0.0029
1.7425  -0.0027
1.7428  -0.0023
1.7431  -0.0017
1.7434  -0.0012
1.7437  -0.0012
1.7440  -0.0014
1.7443  -0.0013
1.7446  -0.0008
1.7449  0.0002
1.7452  0.0012
1.7455  0.0020
1.7458  0.0025
1.7461  0.0030
1.7464  0.0036
1.7467  0.0041
1.7470  0.0045
1.7473  0.0045
1.7476  0.0042
1.7479  0.0036
1.7483  0.0025
1.7486  0.0010
1.7489  -0.0002
1.7492  -0.0008
1.7495  -0.0006
1.7498  0.0002
1.7501  0.0008
1.7504  0.0009
1.7507  0.0005
1.7510  0.0000
1.7513  -0.0001
1.7516  0.0000
1.7519  -0.0003
1.7522  -0.0012
1.7525  -0.0026
1.7528  -0.0036
1.7532  -0.0036
1.7535  -0.0028
1.7538  -0.0017
1.7541  -0.0007
1.7544  0.0000
1.7547  0.0006
1.7550  0.0017
1.7553  0.0026
1.7556  0.0027
1.7559  0.0021
1.7562  0.0008
1.7565  -0.0002
1.7569  -0.0002
1.7572  0.0006
1.7575  0.0015
1.7578  0.0019
1.7581  0.0016
1.7584  0.0009
1.7587  0.0001
1.7590  -0.0006
1.7593  -0.0013
1.7596  -0.0021
1.7599  -0.0026
1.7603  -0.0025
1.7606  -0.0020
1.7609  -0.0010
1.7612  -0.0001
1.7615  0.0004
1.7618  0.0005
1.7621  0.0005
1.7624  0.0002
1.7627  -0.0003
1.7630  -0.0012
1.7634  -0.0026
1.7637  -0.0039
1.7640  -0.0046
1.7643  -0.0041
1.7646  -0.0022
1.7649  0.0004
1.7652  0.0028
1.7655  0.0040
1.7658  0.0037
1.7662  0.0025
1.7665  0.0012
1.7668  0.0006
1.7671  0.0005
1.7674  0.0003
1.7677  -0.0006
1.7680  -0.0020
1.7683  -0.0035
1.7687  -0.0041
1.7690  -0.0036
1.7693  -0.0025
1.7696  -0.0012
1.7699  -0.0002
1.7702  0.0006
1.7705  0.0015
1.7709  0.0024
1.7712  0.0029
1.7715  0.0030
1.7718  0.0027
1.7721  0.0022
1.7724  0.0015
1.7727  0.0005
1.7730  -0.0010
1.7734  -0.0025
1.7737  -0.0036
1.7740  -0.0035
1.7743  -0.0025
1.7746  -0.0012
1.7749  -0.0002
1.7753  0.0001
1.7756  -0.0001
1.7759  -0.0004
1.7762  -0.0006
1.7765  -0.0007
1.7768  -0.0006
1.7771  -0.0004
1.7775  0.0000
1.7778  0.0006
1.7781  0.0008
1.7784  0.0002
1.7787  -0.0010
1.7790  -0.0023
1.7794  -0.0032
1.7797  -0.0032
1.7800  -0.0024
1.7803  -0.0015
1.7806  -0.0009
1.7809  -0.0009
1.7813  -0.0018
1.7816  -0.0033
1.7819  -0.0047
1.7822  -0.0054
1.7825  -0.0049
1.7828  -0.0032
1.7832  -0.0010
1.7835  0.0010
1.7838  0.0022
1.7841  0.0026
1.7844  0.0025
1.7848  0.0022
1.7851  0.0017
1.7854  0.0010
1.7857  0.0000
1.7860  -0.0009
1.7864  -0.0011
1.7867  -0.0008
1.7870  0.0000
1.7873  0.0010
1.7876  0.0020
1.7879  0.0028
1.7883  0.0031
1.7886  0.0028
1.7889  0.0017
1.7892  0.0003
1.7895  -0.0010
1.7899  -0.0015
1.7902  -0.0010
1.7905  -0.0001
1.7908  0.0005
1.7912  0.0005
1.7915  0.0000
1.7918  -0.0007
1.7921  -0.0010
1.7924  -0.0011
1.7928  -0.0010
1.7931  -0.0010
1.7934  -0.0013
1.7937  -0.0017
1.7940  -0.0022
1.7944  -0.0024
1.7947  -0.0021
1.7950  -0.0013
1.7953  -0.0001
1.7957  0.0011
1.7960  0.0019
1.7963  0.0020
1.7966  0.0013
1.7969  0.0002
1.7973  -0.0009
1.7976  -0.0018
1.7979  -0.0023
1.7982  -0.0023
1.7986  -0.0020
1.7989  -0.0017
1.7992  -0.0018
1.7995  -0.0023
1.7999  -0.0031
1.8002  -0.0037
1.8005  -0.0037
1.8008  -0.0031
1.8012  -0.0022
1.8015  -0.0012
1.8018  -0.0004
1.8021  0.0003
1.8025  0.0010
1.8028  0.0016
1.8031  0.0020
1.8034  0.0021
1.8038  0.0020
1.8041  0.0018
1.8044  0.0017
1.8047  0.0016
1.8051  0.0011
1.8054  0.0003
1.8057  -0.0008
1.8060  -0.0019
1.8064  -0.0026
1.8067  -0.0029
1.8070  -0.0027
1.8073  -0.0025
1.8077  -0.0023
1.8080  -0.0023
1.8083  -0.0024
1.8086  -0.0026
1.8090  -0.0027
1.8093  -0.0026
1.8096  -0.0022
1.8100  -0.0014
1.8103  -0.0004
1.8106  0.0007
1.8109  0.0018
1.8113  0.0025
1.8116  0.0026
1.8119  0.0020
1.8123  0.0010
1.8126  0.0003
1.8129  0.0000
1.8132  0.0002
1.8136  0.0005
1.8139  0.0005
1.8142  -0.0001
1.8146  -0.0008
1.8149  -0.0011
1.8152  -0.0006
1.8155  0.0003
1.8159  0.0012
1.8162  0.0015
1.8165  0.0014
1.8169  0.0010
1.8172  0.0008
1.8175  0.0006
1.8179  0.0003
1.8182  -0.0001
1.8185  -0.0007
1.8188  -0.0012
1.8192  -0.0012
1.8195  -0.0008
1.8198  -0.0001
1.8202  0.0009
1.8205  0.0016
1.8208  0.0020
1.8212  0.0018
1.8215  0.0011
1.8218  0.0002
1.8222  -0.0005
1.8225  -0.0005
1.8228  0.0000
1.8232  0.0005
1.8235  0.0007
1.8238  0.0003
1.8242  -0.0003
1.8245  -0.0005
1.8248  0.0000
1.8252  0.0011
1.8255  0.0023
1.8258  0.0029
1.8262  0.0026
1.8265  0.0014
1.8268  0.0000
1.8272  -0.0011
1.8275  -0.0014
1.8278  -0.0012
1.8282  -0.0009
1.8285  -0.0008
1.8288  -0.0009
1.8292  -0.0011
1.8295  -0.0010
1.8298  -0.0004
1.8302  0.0005
1.8305  0.0012
1.8308  0.0015
1.8312  0.0012
1.8315  0.0006
1.8318  0.0001
1.8322  -0.0002
1.8325  -0.0003
1.8328  0.0000
1.8332  0.0005
1.8335  0.0011
1.8339  0.0015
1.8342  0.0016
1.8345  0.0014
1.8349  0.0012
1.8352  0.0011
1.8355  0.0014
1.8359  0.0018
1.8362  0.0020
1.8365  0.0017
1.8369  0.0009
1.8372  -0.0001
1.8376  -0.0010
1.8379  -0.0014
1.8382  -0.0014
1.8386  -0.0009
1.8389  -0.0004
1.8392  0.0001
1.8396  0.0004
1.8399  0.0007
1.8403  0.0012
1.8406  0.0018
1.8409  0.0022
1.8413  0.0021
1.8416  0.0011
1.8420  -0.0003
1.8423  -0.0015
1.8426  -0.0020
1.8430  -0.0014
1.8433  -0.0005
1.8437  0.0002
1.8440  0.0004
1.8443  0.0003
1.8447  0.0003
1.8450  0.0006
1.8454  0.0009
1.8457  0.0008
1.8460  0.0005
1.8464  0.0000
1.8467  -0.0004
1.8471  -0.0005
1.8474  -0.0004
1.8477  -0.0001
1.8481  0.0003
1.8484  0.0007
1.8488  0.0011
1.8491  0.0010
1.8495  0.0003
1.8498  -0.0008
1.8501  -0.0020
1.8505  -0.0026
1.8508  -0.0024
1.8512  -0.0016
1.8515  -0.0009
1.8519  -0.0005
1.8522  -0.0007
1.8525  -0.0010
1.8529  -0.0012
1.8532  -0.0010
1.8536  -0.0006
1.8539  -0.0003
1.8543  -0.0002
1.8546  -0.0005
1.8549  -0.0011
1.8553  -0.0016
1.8556  -0.0020
1.8560  -0.0021
1.8563  -0.0021
1.8567  -0.0019
1.8570  -0.0014
1.8574  -0.0005
1.8577  0.0007
1.8580  0.0020
1.8584  0.0028
1.8587  0.0031
1.8591  0.0026
1.8594  0.0016
1.8598  0.0005
1.8601  -0.0004
1.8605  -0.0009
1.8608  -0.0011
1.8612  -0.0011
1.8615  -0.0010
1.8619  -0.0009
1.8622  -0.0008
1.8625  -0.0007
1.8629  -0.0007
1.8632  -0.0007
1.8636  -0.0005
1.8639  -0.0004
1.8643  -0.0002
1.8646  -0.0002
1.8650  -0.0005
1.8653  -0.0009
1.8657  -0.0013
1.8660  -0.0015
1.8664  -0.0015
1.8667  -0.0014
1.8671  -0.0010
1.8674  -0.0005
1.8678  0.0000
1.8681  0.0004
1.8685  0.0004
1.8688  0.0001
1.8692  -0.0003
1.8695  -0.0004
1.8699  -0.0001
1.8702  0.0005
1.8706  0.0012
1.8709  0.0016
1.8713  0.0017
1.8716  0.0015
1.8720  0.0013
1.8723  0.0009
1.8727  0.0003
1.8730  -0.0006
1.8734  -0.0015
1.8737  -0.0020
1.8741  -0.0018
1.8744  -0.0012
1.8748  -0.0006
1.8751  -0.0003
1.8755  0.0000
1.8758  0.0004
1.8762  0.0013
1.8765  0.0024
1.8769  0.0032
1.8772  0.0035
1.8776  0.0032
1.8779  0.0027
1.8783  0.0027
1.8786  0.0029
1.8790  0.0030
1.8793  0.0026
1.8797  0.0019
1.8801  0.0013
1.8804  0.0012
1.8808  0.0014
1.8811  0.0015
1.8815  0.0015
1.8818  0.0012
1.8822  0.0011
1.8825  0.0013
1.8829  0.0014
1.8832  0.0012
1.8836  0.0008
1.8839  0.0006
1.8843  0.0009
1.8847  0.0018
1.8850  0.0026
1.8854  0.0031
1.8857  0.0031
1.8861  0.0030
1.8864  0.0030
1.8868  0.0031
1.8871  0.0027
1.8875  0.0020
1.8879  0.0009
1.8882  0.0001
1.8886  0.0000
1.8889  0.0003
1.8893  0.0005
1.8896  0.0005
1.8900  0.0002
1.8904  0.0001
1.8907  0.0004
1.8911  0.0008
1.8914  0.0009
1.8918  0.0010
1.8921  0.0011
1.8925  0.0017
1.8929  0.0027
1.8932  0.0033
1.8936  0.0032
1.8939  0.0023
1.8943  0.0011
1.8947  0.0001
1.8950  -0.0004
1.8954  -0.0005
1.8957  -0.0003
1.8961  -0.0002
1.8965  -0.0001
1.8968  0.0002
1.8972  0.0008
1.8975  0.0015
1.8979  0.0020
1.8983  0.0023
1.8986  0.0020
1.8990  0.0013
1.8993  0.0004
1.8997  -0.0003
1.9001  -0.0005
1.9004  -0.0001
1.9008  0.0006
1.9011  0.0013
1.9015  0.0019
1.9019  0.0021
1.9022  0.0023
1.9026  0.0026
1.9029  0.0028
1.9033  0.0030
1.9037  0.0031
1.9040  0.0031
1.9044  0.0031
1.9048  0.0030
1.9051  0.0027
1.9055  0.0023
1.9059  0.0016
1.9062  0.0009
1.9066  0.0005
1.9069  0.0004
1.9073  0.0007
1.9077  0.0010
1.9080  0.0013
1.9084  0.0014
1.9088  0.0013
1.9091  0.0013
1.9095  0.0014
1.9099  0.0018
1.9102  0.0022
1.9106  0.0027
1.9109  0.0031
1.9113  0.0033
1.9117  0.0033
1.9120  0.0030
1.9124  0.0025
1.9128  0.0019
1.9131  0.0015
1.9135  0.0016
1.9139  0.0020
1.9142  0.0022
1.9146  0.0021
1.9150  0.0017
1.9153  0.0013
1.9157  0.0012
1.9161  0.0015
1.9164  0.0018
1.9168  0.0021
1.9172  0.0022
1.9175  0.0023
1.9179  0.0026
1.9183  0.0030
1.9186  0.0033
1.9190  0.0036
1.9194  0.0036
1.9198  0.0032
1.9201  0.0026
1.9205  0.0018
1.9209  0.0009
1.9212  0.0001
1.9216  -0.0002
1.9220  -0.0001
1.9223  0.0003
1.9227  0.0006
1.9231  0.0007
1.9234  0.0007
1.9238  0.0008
1.9242  0.0014
1.9246  0.0021
1.9249  0.0027
1.9253  0.0029
1.9257  0.0026
1.9260  0.0018
1.9264  0.0008
1.9268  0.0000
1.9272  -0.0003
1.9275  0.0001
1.9279  0.0010
1.9283  0.0021
1.9286  0.0027
1.9290  0.0026
1.9294  0.0021
1.9298  0.0014
1.9301  0.0011
1.9305  0.0013
1.9309  0.0018
1.9312  0.0024
1.9316  0.0028
1.9320  0.0031
1.9324  0.0033
1.9327  0.0032
1.9331  0.0028
1.9335  0.0023
1.9339  0.0018
1.9342  0.0016
1.9346  0.0016
1.9350  0.0015
1.9354  0.0012
1.9357  0.0008
1.9361  0.0003
1.9365  0.0003
1.9369  0.0006
1.9372  0.0012
1.9376  0.0019
1.9380  0.0024
1.9384  0.0025
1.9387  0.0024
1.9391  0.0021
1.9395  0.0016
1.9399  0.0012
1.9402  0.0010
1.9406  0.0009
1.9410  0.0010
1.9414  0.0011
1.9417  0.0011
1.9421  0.0010
1.9425  0.0008
1.9429  0.0005
1.9433  0.0004
1.9436  0.0005
1.9440  0.0007
1.9444  0.0011
1.9448  0.0017
1.9451  0.0021
1.9455  0.0025
1.9459  0.0028
1.9463  0.0030
1.9467  0.0030
1.9470  0.0028
1.9474  0.0024
1.9478  0.0020
1.9482  0.0019
1.9486  0.0021
1.9489  0.0024
1.9493  0.0026
1.9497  0.0023
1.9501  0.0020
1.9505  0.0017
1.9508  0.0018
1.9512  0.0020
1.9516  0.0021
1.9520  0.0019
1.9524  0.0014
1.9527  0.0010
1.9531  0.0010
1.9535  0.0012
1.9539  0.0017
1.9543  0.0022
1.9547  0.0026
1.9550  0.0026
1.9554  0.0025
1.9558  0.0021
1.9562  0.0018
1.9566  0.0017
1.9569  0.0020
1.9573  0.0024
1.9577  0.0028
1.9581  0.0032
1.9585  0.0035
1.9589  0.0038
1.9592  0.0042
1.9596  0.0046
1.9600  0.0049
1.9604  0.0050
1.9608  0.0050
1.9612  0.0049
1.9616  0.0049
1.9619  0.0047
1.9623  0.0043
1.9627  0.0038
1.9631  0.0033
1.9635  0.0029
1.9639  0.0028
1.9643  0.0031
1.9646  0.0039
1.9650  0.0051
1.9654  0.0062
1.9658  0.0068
1.9662  0.0066
1.9666  0.0057
1.9670  0.0046
1.9673  0.0039
1.9677  0.0036
1.9681  0.0036
1.9685  0.0037
1.9689  0.0038
1.9693  0.0041
1.9697  0.0045
1.9701  0.0050
1.9704  0.0056
1.9708  0.0060
1.9712  0.0063
1.9716  0.0065
1.9720  0.0067
1.9724  0.0068
1.9728  0.0068
1.9732  0.0069
1.9736  0.0072
1.9739  0.0077
1.9743  0.0081
1.9747  0.0082
1.9751  0.0078
1.9755  0.0074
1.9759  0.0073
1.9763  0.0077
1.9767  0.0082
1.9771  0.0087
1.9775  0.0087
1.9778  0.0086
1.9782  0.0085
1.9786  0.0086
1.9790  0.0088
1.9794  0.0088
1.9798  0.0088
1.9802  0.0087
1.9806  0.0088
1.9810  0.0093
1.9814  0.0099
1.9818  0.0107
1.9822  0.0116
1.9826  0.0126
1.9829  0.0135
1.9833  0.0143
1.9837  0.0148
1.9841  0.0151
1.9845  0.0154
1.9849  0.0160
1.9853  0.0166
1.9857  0.0173
1.9861  0.0180
1.9865  0.0187
1.9869  0.0193
1.9873  0.0198
1.9877  0.0201
1.9881  0.0202
1.9885  0.0202
1.9889  0.0203
1.9893  0.0207
1.9897  0.0213
1.9900  0.0220
1.9904  0.0227
1.9908  0.0235
1.9912  0.0245
1.9916  0.0256
1.9920  0.0267
1.9924  0.0276
1.9928  0.0285
1.9932  0.0295
1.9936  0.0307
1.9940  0.0319
1.9944  0.0331
1.9948  0.0340
1.9952  0.0349
1.9956  0.0357
1.9960  0.0369
1.9964  0.0382
1.9968  0.0396
1.9972  0.0411
1.9976  0.0427
1.9980  0.0446
1.9984  0.0468
1.9988  0.0490
1.9992  0.0509
1.9996  0.0525
2.0000  0.0540
2.0004  0.0555
2.0008  0.0573
2.0012  0.0592
2.0016  0.0611
2.0020  0.0630
2.0024  0.0651
2.0028  0.0676
2.0032  0.0704
2.0036  0.0735
2.0040  0.0765
2.0044  0.0795
2.0048  0.0824
2.0052  0.0854
2.0056  0.0885
2.0060  0.0916
2.0064  0.0949
2.0068  0.0984
2.0072  0.1019
2.0076  0.1056
2.0080  0.1094
2.0084  0.1135
2.0088  0.1181
2.0092  0.1233
2.0096  0.1287
2.0101  0.1340
2.0105  0.1390
2.0109  0.1437
2.0113  0.1486
2.0117  0.1542
2.0121  0.1604
2.0125  0.1668
2.0129  0.1733
2.0133  0.1796
2.0137  0.1861
2.0141  0.1929
2.0145  0.1999
2.0149  0.2071
2.0153  0.2146
2.0157  0.2226
2.0161  0.2311
2.0165  0.2399
2.0169  0.2486
2.0173  0.2570
2.0178  0.2653
2.0182  0.2738
2.0186  0.2830
2.0190  0.2927
2.0194  0.3023
2.0198  0.3118
2.0202  0.3212
2.0206  0.3307
2.0210  0.3408
2.0214  0.3511
2.0218  0.3615
2.0222  0.3721
2.0227  0.3828
2.0231  0.3935
2.0235  0.4040
2.0239  0.4144
2.0243  0.4248
2.0247  0.4356
2.0251  0.4471
2.0255  0.4586
2.0259  0.4699
2.0263  0.4807
2.0268  0.4912
2.0272  0.5020
2.0276  0.5131
2.0280  0.5241
2.0284  0.5347
2.0288  0.5450
2.0292  0.5551
2.0296  0.5652
2.0300  0.5750
2.0305  0.5840
2.0309  0.5925
2.0313  0.6009
2.0317  0.6096
2.0321  0.6184
2.0325  0.6269
2.0329  0.6346
2.0333  0.6420
2.0338  0.6497
2.0342  0.6575
2.0346  0.6650
2.0350  0.6717
2.0354  0.6775
2.0358  0.6830
2.0362  0.6887
2.0367  0.6944
2.0371  0.6999
2.0375  0.7049
2.0379  0.7095
2.0383  0.7144
2.0387  0.7197
2.0392  0.7247
2.0396  0.7291
2.0400  0.7330
2.0404  0.7367
2.0408  0.7406
2.0412  0.7443
2.0416  0.7473
2.0421  0.7497
2.0425  0.7523
2.0429  0.7550
2.0433  0.7579
2.0437  0.7604
2.0442  0.7618
2.0446  0.7631
2.0450  0.7649
2.0454  0.7673
2.0458  0.7701
2.0462  0.7725
2.0467  0.7742
2.0471  0.7758
2.0475  0.7776
2.0479  0.7794
2.0483  0.7808
2.0488  0.7818
2.0492  0.7827
2.0496  0.7840
2.0500  0.7860
2.0504  0.7878
2.0509  0.7891
2.0513  0.7901
2.0517  0.7910
2.0521  0.7924
2.0525  0.7938
2.0530  0.7945
2.0534  0.7947
2.0538  0.7950
2.0542  0.7958
2.0547  0.7974
2.0551  0.7991
2.0555  0.8004
2.0559  0.8013
2.0563  0.8025
2.0568  0.8039
2.0572  0.8052
2.0576  0.8063
2.0580  0.8069
2.0585  0.8077
2.0589  0.8090
2.0593  0.8104
2.0597  0.8114
2.0602  0.8120
2.0606  0.8123
2.0610  0.8130
2.0614  0.8141
2.0619  0.8150
2.0623  0.8155
2.0627  0.8159
2.0631  0.8164
2.0636  0.8176
2.0640  0.8191
2.0644  0.8203
2.0648  0.8213
2.0653  0.8227
2.0657  0.8241
2.0661  0.8255
2.0665  0.8264
2.0670  0.8264
2.0674  0.8265
2.0678  0.8276
2.0683  0.8296
2.0687  0.8319
2.0691  0.8335
2.0695  0.8342
2.0700  0.8348
2.0704  0.8360
2.0708  0.8375
2.0713  0.8389
2.0717  0.8399
2.0721  0.8406
2.0725  0.8419
2.0730  0.8436
2.0734  0.8449
2.0738  0.8454
2.0743  0.8453
2.0747  0.8452
2.0751  0.8460
2.0756  0.8475
2.0760  0.8488
2.0764  0.8498
2.0768  0.8506
2.0773  0.8512
2.0777  0.8519
2.0781  0.8524
2.0786  0.8524
2.0790  0.8525
2.0794  0.8531
2.0799  0.8541
2.0803  0.8551
2.0807  0.8554
2.0812  0.8551
2.0816  0.8552
2.0820  0.8561
2.0825  0.8576
2.0829  0.8589
2.0833  0.8597
2.0838  0.8598
2.0842  0.8601
2.0846  0.8609
2.0851  0.8614
2.0855  0.8615
2.0859  0.8613
2.0864  0.8612
2.0868  0.8616
2.0872  0.8623
2.0877  0.8625
2.0881  0.8623
2.0886  0.8621
2.0890  0.8622
2.0894  0.8628
2.0899  0.8632
2.0903  0.8630
2.0907  0.8625
2.0912  0.8626
2.0916  0.8631
2.0921  0.8641
2.0925  0.8648
2.0929  0.8647
2.0934  0.8645
2.0938  0.8645
2.0942  0.8647
2.0947  0.8648
2.0951  0.8648
2.0956  0.8647
2.0960  0.8651
2.0964  0.8658
2.0969  0.8663
2.0973  0.8662
2.0978  0.8659
2.0982  0.8657
2.0986  0.8659
2.0991  0.8662
2.0995  0.8658
2.1000  0.8649
2.1004  0.8642
2.1008  0.8641
2.1013  0.8649
2.1017  0.8657
2.1022  0.8659
2.1026  0.8659
2.1030  0.8660
2.1035  0.8663
2.1039  0.8666
2.1044  0.8663
2.1048  0.8653
2.1053  0.8645
2.1057  0.8646
2.1061  0.8650
2.1066  0.8652
2.1070  0.8648
2.1075  0.8638
2.1079  0.8633
2.1084  0.8636
2.1088  0.8638
2.1093  0.8637
2.1097  0.8630
2.1101  0.8623
2.1106  0.8624
2.1110  0.8631
2.1115  0.8636
2.1119  0.8636
2.1124  0.8631
2.1128  0.8626
2.1133  0.8627
2.1137  0.8630
2.1142  0.8630
2.1146  0.8629
2.1151  0.8629
2.1155  0.8630
2.1160  0.8631
2.1164  0.8630
2.1169  0.8624
2.1173  0.8619
2.1177  0.8619
2.1182  0.8621
2.1186  0.8621
2.1191  0.8619
2.1195  0.8613
2.1200  0.8612
2.1204  0.8615
2.1209  0.8617
2.1213  0.8616
2.1218  0.8613
2.1222  0.8610
2.1227  0.8613
2.1231  0.8619
2.1236  0.8622
2.1240  0.8622
2.1245  0.8623
2.1249  0.8626
2.1254  0.8634
2.1259  0.8639
2.1263  0.8638
2.1268  0.8632
2.1272  0.8626
2.1277  0.8623
2.1281  0.8623
2.1286  0.8622
2.1290  0.8620
2.1295  0.8623
2.1299  0.8631
2.1304  0.8639
2.1308  0.8645
2.1313  0.8646
2.1317  0.8643
2.1322  0.8645
2.1327  0.8651
2.1331  0.8655
2.1336  0.8655
2.1340  0.8651
2.1345  0.8648
2.1349  0.8653
2.1354  0.8662
2.1358  0.8669
2.1363  0.8673
2.1368  0.8675
2.1372  0.8680
2.1377  0.8689
2.1381  0.8698
2.1386  0.8700
2.1390  0.8700
2.1395  0.8702
2.1400  0.8707
2.1404  0.8715
2.1409  0.8719
2.1413  0.8718
2.1418  0.8718
2.1422  0.8719
2.1427  0.8720
2.1432  0.8717
2.1436  0.8708
2.1441  0.8698
2.1445  0.8696
2.1450  0.8704
2.1455  0.8716
2.1459  0.8728
2.1464  0.8734
2.1468  0.8738
2.1473  0.8744
2.1478  0.8751
2.1482  0.8754
2.1487  0.8753
2.1492  0.8752
2.1496  0.8753
2.1501  0.8760
2.1505  0.8767
2.1510  0.8769
2.1515  0.8768
2.1519  0.8769
2.1524  0.8774
2.1529  0.8781
2.1533  0.8786
2.1538  0.8786
2.1542  0.8787
2.1547  0.8792
2.1552  0.8797
2.1556  0.8801
2.1561  0.8801
2.1566  0.8798
2.1570  0.8801
2.1575  0.8809
2.1580  0.8815
2.1584  0.8817
2.1589  0.8814
2.1594  0.8809
2.1598  0.8808
2.1603  0.8811
2.1608  0.8811
2.1612  0.8810
2.1617  0.8808
2.1622  0.8807
2.1626  0.8812
2.1631  0.8816
2.1636  0.8814
2.1640  0.8810
2.1645  0.8807
2.1650  0.8806
2.1654  0.8808
2.1659  0.8808
2.1664  0.8806
2.1668  0.8806
2.1673  0.8810
2.1678  0.8814
2.1683  0.8816
2.1687  0.8812
2.1692  0.8805
2.1697  0.8801
2.1701  0.8801
2.1706  0.8800
2.1711  0.8795
2.1716  0.8788
2.1720  0.8782
2.1725  0.8784
2.1730  0.8790
2.1734  0.8791
2.1739  0.8786
2.1744  0.8777
2.1749  0.8768
2.1753  0.8765
2.1758  0.8764
2.1763  0.8761
2.1768  0.8758
2.1772  0.8757
2.1777  0.8758
2.1782  0.8758
2.1786  0.8754
2.1791  0.8744
2.1796  0.8736
2.1801  0.8733
2.1805  0.8734
2.1810  0.8736
2.1815  0.8735
2.1820  0.8732
2.1825  0.8731
2.1829  0.8731
2.1834  0.8727
2.1839  0.8718
2.1844  0.8705
2.1848  0.8693
2.1853  0.8688
2.1858  0.8688
2.1863  0.8684
2.1867  0.8676
2.1872  0.8667
2.1877  0.8660
2.1882  0.8657
2.1887  0.8653
2.1891  0.8644
2.1896  0.8632
2.1901  0.8625
2.1906  0.8621
2.1911  0.8621
2.1915  0.8617
2.1920  0.8608
2.1925  0.8600
2.1930  0.8595
2.1935  0.8594
2.1939  0.8593
2.1944  0.8588
2.1949  0.8579
2.1954  0.8572
2.1959  0.8568
2.1964  0.8561
2.1968  0.8550
2.1973  0.8537
2.1978  0.8526
2.1983  0.8524
2.1988  0.8529
2.1993  0.8533
2.1997  0.8533
2.2002  0.8533
2.2007  0.8536
2.2012  0.8542
2.2017  0.8547
2.2022  0.8544
2.2026  0.8535
2.2031  0.8526
2.2036  0.8520
2.2041  0.8518
2.2046  0.8515
2.2051  0.8508
2.2056  0.8503
2.2060  0.8503
2.2065  0.8506
2.2070  0.8508
2.2075  0.8506
2.2080  0.8502
2.2085  0.8501
2.2090  0.8504
2.2095  0.8505
2.2099  0.8502
2.2104  0.8496
2.2109  0.8492
2.2114  0.8499
2.2119  0.8512
2.2124  0.8523
2.2129  0.8529
2.2134  0.8528
2.2139  0.8527
2.2143  0.8530
2.2148  0.8535
2.2153  0.8538
2.2158  0.8543
2.2163  0.8550
2.2168  0.8561
2.2173  0.8571
2.2178  0.8576
2.2183  0.8573
2.2188  0.8571
2.2193  0.8574
2.2198  0.8581
2.2202  0.8589
2.2207  0.8591
2.2212  0.8590
2.2217  0.8594
2.2222  0.8605
2.2227  0.8617
2.2232  0.8626
2.2237  0.8628
2.2242  0.8628
2.2247  0.8634
2.2252  0.8645
2.2257  0.8655
2.2262  0.8664
2.2267  0.8671
2.2272  0.8679
2.2277  0.8691
2.2282  0.8701
2.2287  0.8704
2.2292  0.8703
2.2297  0.8704
2.2302  0.8707
2.2306  0.8713
2.2311  0.8717
2.2316  0.8714
2.2321  0.8714
2.2326  0.8720
2.2331  0.8730
2.2336  0.8739
2.2341  0.8741
2.2346  0.8739
2.2351  0.8740
2.2356  0.8747
2.2361  0.8751
2.2366  0.8748
2.2371  0.8736
2.2376  0.8722
2.2381  0.8717
2.2386  0.8721
2.2391  0.8725
2.2396  0.8727
2.2401  0.8726
2.2406  0.8725
2.2411  0.8729
2.2416  0.8731
2.2422  0.8725
2.2427  0.8715
2.2432  0.8706
2.2437  0.8703
2.2442  0.8705
2.2447  0.8705
2.2452  0.8696
2.2457  0.8687
2.2462  0.8683
2.2467  0.8684
2.2472  0.8685
2.2477  0.8680
2.2482  0.8668
2.2487  0.8661
2.2492  0.8662
2.2497  0.8666
2.2502  0.8669
2.2507  0.8665
2.2512  0.8657
2.2517  0.8655
2.2523  0.8657
2.2528  0.8657
2.2533  0.8652
2.2538  0.8641
2.2543  0.8632
2.2548  0.8632
2.2553  0.8635
2.2558  0.8635
2.2563  0.8630
2.2568  0.8623
2.2573  0.8619
2.2578  0.8621
2.2584  0.8624
2.2589  0.8622
2.2594  0.8621
2.2599  0.8624
2.2604  0.8631
2.2609  0.8639
2.2614  0.8641
2.2619  0.8636
2.2624  0.8634
2.2630  0.8635
2.2635  0.8639
2.2640  0.8643
2.2645  0.8643
2.2650  0.8643
2.2655  0.8650
2.2660  0.8662
2.2665  0.8672
2.2671  0.8678
2.2676  0.8682
2.2681  0.8687
2.2686  0.8698
2.2691  0.8708
2.2696  0.8708
2.2701  0.8704
2.2707  0.8700
2.2712  0.8702
2.2717  0.8712
2.2722  0.8718
2.2727  0.8716
2.2732  0.8711
2.2738  0.8708
2.2743  0.8706
2.2748  0.8703
2.2753  0.8690
2.2758  0.8667
2.2763  0.8645
2.2769  0.8628
2.2774  0.8614
2.2779  0.8598
2.2784  0.8571
2.2789  0.8539
2.2795  0.8508
2.2800  0.8478
2.2805  0.8441
2.2810  0.8395
2.2815  0.8337
2.2821  0.8276
2.2826  0.8218
2.2831  0.8159
2.2836  0.8092
2.2841  0.8015
2.2847  0.7930
2.2852  0.7842
2.2857  0.7756
2.2862  0.7666
2.2868  0.7568
2.2873  0.7465
2.2878  0.7359
2.2883  0.7250
2.2889  0.7137
2.2894  0.7016
2.2899  0.6887
2.2904  0.6757
2.2910  0.6630
2.2915  0.6502
2.2920  0.6371
2.2925  0.6235
2.2931  0.6094
2.2936  0.5956
2.2941  0.5817
2.2946  0.5675
2.2952  0.5530
2.2957  0.5385
2.2962  0.5243
2.2967  0.5107
2.2973  0.4973
2.2978  0.4836
2.2983  0.4696
2.2989  0.4557
2.2994  0.4422
2.2999  0.4294
2.3004  0.4167
2.3010  0.4035
2.3015  0.3901
2.3020  0.3769
2.3026  0.3641
2.3031  0.3521
2.3036  0.3407
2.3041  0.3295
2.3047  0.3188
2.3052  0.3083
2.3057  0.2978
2.3063  0.2875
2.3068  0.2772
2.3073  0.2671
2.3079  0.2575
2.3084  0.2483
2.3089  0.2393
2.3095  0.2305
2.3100  0.2219
2.3105  0.2137
2.3111  0.2059
2.3116  0.1984
2.3121  0.1912
2.3127  0.1841
2.3132  0.1773
2.3137  0.1706
2.3143  0.1642
2.3148  0.1578
2.3154  0.1514
2.3159  0.1451
2.3164  0.1389
2.3170  0.1330
2.3175  0.1276
2.3180  0.1226
2.3186  0.1180
2.3191  0.1136
2.3196  0.1093
2.3202  0.1050
2.3207  0.1009
2.3213  0.0969
2.3218  0.0932
2.3223  0.0896
2.3229  0.0859
2.3234  0.0824
2.3240  0.0790
2.3245  0.0761
2.3250  0.0734
2.3256  0.0706
2.3261  0.0676
2.3267  0.0644
2.3272  0.0612
2.3277  0.0583
2.3283  0.0557
2.3288  0.0533
2.3294  0.0509
2.3299  0.0485
2.3305  0.0463
2.3310  0.0445
2.3315  0.0429
2.3321  0.0415
2.3326  0.0401
2.3332  0.0387
2.3337  0.0372
2.3343  0.0356
2.3348  0.0340
2.3354  0.0322
2.3359  0.0304
2.3364  0.0288
2.3370  0.0275
2.3375  0.0265
2.3381  0.0255
2.3386  0.0244
2.3392  0.0233
2.3397  0.0222
2.3403  0.0211
2.3408  0.0201
2.3414  0.0191
2.3419  0.0183
2.3425  0.0178
2.3430  0.0174
2.3436  0.0171
2.3441  0.0167
2.3447  0.0158
2.3452  0.0149
2.3458  0.0140
2.3463  0.0134
2.3469  0.0131
2.3474  0.0128
2.3480  0.0124
2.3485  0.0117
2.3491  0.0110
2.3496  0.0104
2.3502  0.0099
2.3507  0.0095
2.3513  0.0092
2.3518  0.0088
2.3524  0.0086
2.3529  0.0085
2.3535  0.0085
2.3540  0.0084
2.3546  0.0081
2.3552  0.0075
2.3557  0.0068
2.3563  0.0061
2.3568  0.0056
2.3574  0.0053
2.3579  0.0051
2.3585  0.0052
2.3590  0.0052
2.3596  0.0054
2.3602  0.0054
2.3607  0.0054
2.3613  0.0052
2.3618  0.0049
2.3624  0.0046
2.3629  0.0042
2.3635  0.0039
2.3641  0.0036
2.3646  0.0033
2.3652  0.0029
2.3657  0.0025
2.3663  0.0022
2.3669  0.0022
2.3674  0.0023
2.3680  0.0024
2.3685  0.0024
2.3691  0.0023
2.3697  0.0023
2.3702  0.0026
2.3708  0.0031
2.3714  0.0037
2.3719  0.0041
2.3725  0.0040
2.3730  0.0035
2.3736  0.0028
2.3742  0.0023
2.3747  0.0021
2.3753  0.0020
2.3759  0.0019
2.3764  0.0018
2.3770  0.0016
2.3776  0.0015
2.3781  0.0015
2.3787  0.0017
2.3793  0.0019
2.3798  0.0021
2.3804  0.0021
2.3810  0.0021
2.3815  0.0021
2.3821  0.0021
2.3827  0.0021
2.3832  0.0022
2.3838  0.0023
2.3844  0.0026
2.3849  0.0028
2.3855  0.0029
2.3861  0.0027
2.3866  0.0024
2.3872  0.0021
2.3878  0.0020
2.3883  0.0022
2.3889  0.0025
2.3895  0.0027
2.3901  0.0026
2.3906  0.0021
2.3912  0.0014
2.3918  0.0008
2.3923  0.0005
2.3929  0.0005
2.3935  0.0005
2.3941  0.0006
2.3946  0.0007
2.3952  0.0008
2.3958  0.0010
2.3964  0.0010
2.3969  0.0010
2.3975  0.0011
2.3981  0.0012
2.3987  0.0014
2.3992  0.0017
2.3998  0.0020
2.4004  0.0023
2.4010  0.0026
2.4015  0.0026
2.4021  0.0023
2.4027  0.0018
2.4033  0.0011
2.4038  0.0005
2.4044  0.0002
2.4050  0.0002
2.4056  0.0004
2.4062  0.0007
2.4067  0.0010
2.4073  0.0013
2.4079  0.0015
2.4085  0.0018
2.4091  0.0019
2.4096  0.0018
2.4102  0.0015
2.4108  0.0013
2.4114  0.0013
2.4120  0.0014
2.4125  0.0016
2.4131  0.0018
2.4137  0.0018
2.4143  0.0019
2.4149  0.0019
2.4155  0.0018
2.4160  0.0015
2.4166  0.0012
2.4172  0.0010
2.4178  0.0011
2.4184  0.0014
2.4190  0.0017
2.4195  0.0016
2.4201  0.0012
2.4207  0.0008
2.4213  0.0006
2.4219  0.0007
2.4225  0.0010
2.4231  0.0011
2.4237  0.0010
2.4242  0.0008
2.4248  0.0007
2.4254  0.0007
2.4260  0.0008
2.4266  0.0008
2.4272  0.0008
2.4278  0.0008
2.4284  0.0008
2.4290  0.0009
2.4295  0.0010
2.4301  0.0010
2.4307  0.0009
2.4313  0.0009
2.4319  0.0010
2.4325  0.0012
2.4331  0.0014
2.4337  0.0015
2.4343  0.0015
2.4349  0.0013
2.4355  0.0010
2.4361  0.0005
2.4366  0.0002
2.4372  0.0001
2.4378  0.0003
2.4384  0.0005
2.4390  0.0006
2.4396  0.0005
2.4402  0.0004
2.4408  0.0003
2.4414  0.0003
2.4420  0.0006
2.4426  0.0009
2.4432  0.0013
2.4438  0.0015
2.4444  0.0016
2.4450  0.0015
2.4456  0.0012
2.4462  0.0010
2.4468  0.0008
2.4474  0.0007
2.4480  0.0006
2.4486  0.0004
2.4492  0.0002
2.4498  0.0000
2.4504  0.0001
2.4510  0.0005
2.4516  0.0009
2.4522  0.0012
2.4528  0.0011
2.4534  0.0008
2.4540  0.0004
2.4546  0.0001
2.4552  0.0000
2.4558  0.0002
2.4564  0.0003
2.4570  0.0005
2.4576  0.0007
2.4582  0.0010
2.4588  0.0012
2.4594  0.0013
2.4600  0.0011
2.4606  0.0009
2.4612  0.0005
2.4618  0.0003
2.4624  0.0001
2.4631  0.0000
2.4637  0.0002
2.4643  0.0006
2.4649  0.0011
2.4655  0.0016
2.4661  0.0019
2.4667  0.0018
2.4673  0.0013
2.4679  0.0009
2.4685  0.0006
2.4691  0.0006
2.4697  0.0008
2.4704  0.0011
2.4710  0.0012
2.4716  0.0011
2.4722  0.0010
2.4728  0.0008
2.4734  0.0008
2.4740  0.0007
2.4746  0.0005
2.4752  0.0004
2.4759  0.0003
2.4765  0.0004
2.4771  0.0007
2.4777  0.0011
2.4783  0.0013
2.4789  0.0013
2.4795  0.0012
2.4802  0.0010
2.4808  0.0008
2.4814  0.0005
2.4820  0.0004
2.4826  0.0002
2.4832  0.0002
2.4839  0.0004
2.4845  0.0009
2.4851  0.0013
2.4857  0.0015
2.4863  0.0013
2.4869  0.0009
2.4876  0.0005
2.4882  0.0005
2.4888  0.0006
2.4894  0.0009
2.4900  0.0010
2.4907  0.0011
2.4913  0.0011
2.4919  0.0012
2.4925  0.0015
2.4931  0.0018
2.4938  0.0020
2.4944  0.0018
2.4950  0.0012
2.4956  0.0005
2.4963  -0.0001
2.4969  -0.0004
2.4975  -0.0002
2.4981  0.0003
2.4988  0.0010
2.4994  0.0016
2.5000  0.0019
2.5006  0.0019
2.5013  0.0015
2.5019  0.0010
2.5025  0.0005
2.5031  0.0001
2.5038  -0.0001
2.5044  0.0000
2.5050  0.0004
2.5056  0.0009
2.5063  0.0011
2.5069  0.0011
2.5075  0.0010
2.5082  0.0007
2.5088  0.0006
2.5094  0.0005
2.5100  0.0004
2.5107  0.0002
2.5113  -0.0002
2.5119  -0.0005
2.5126  -0.0008
2.5132  -0.0008
2.5138  -0.0008
2.5145  -0.0007
2.5151  -0.0005
2.5157  -0.0002
2.5164  0.0002
2.5170  0.0004
2.5176  0.0005
2.5183  0.0006
2.5189  0.0006
2.5195  0.0006
2.5202  0.0006
2.5208  0.0006
2.5214  0.0005
2.5221  0.0005
2.5227  0.0006
2.5233  0.0008
2.5240  0.0007
2.5246  0.0004
2.5253  0.0000
2.5259  -0.0002
2.5265  0.0000
2.5272  0.0003
2.5278  0.0007
2.5284  0.0008
2.5291  0.0007
2.5297  0.0007
2.5304  0.0008
2.5310  0.0012
2.5316  0.0017
2.5323  0.0021
2.5329  0.0022
2.5336  0.0022
2.5342  0.0021
2.5349  0.0019
2.5355  0.0017
2.5361  0.0014
2.5368  0.0011
2.5374  0.0009
2.5381  0.0007
2.5387  0.0003
2.5394  -0.0001
2.5400  -0.0005
2.5407  -0.0005
2.5413  -0.0002
2.5419  0.0002
2.5426  0.0006
2.5432  0.0007
2.5439  0.0005
2.5445  0.0004
2.5452  0.0003
2.5458  0.0003
2.5465  0.0003
2.5471  0.0003
2.5478  0.0004
2.5484  0.0007
2.5491  0.0009
2.5497  0.0009
2.5504  0.0007
2.5510  0.0003
2.5517  -0.0002
2.5523  -0.0004
2.5530  -0.0004
2.5536  -0.0003
2.5543  -0.0001
2.5549  0.0001
2.5556  0.0003
2.5562  0.0003
2.5569  0.0001
2.5575  -0.0002
2.5582  -0.0005
2.5589  -0.0006
2.5595  -0.0004
2.5602  0.0000
2.5608  0.0004
2.5615  0.0008
2.5621  0.0010
2.5628  0.0012
2.5634  0.0015
2.5641  0.0015
2.5648  0.0013
2.5654  0.0007
2.5661  0.0003
2.5667  0.0000
2.5674  -0.0001
2.5681  -0.0001
2.5687  -0.0002
2.5694  -0.0005
2.5700  -0.0008
2.5707  -0.0009
2.5714  -0.0006
2.5720  0.0000
2.5727  0.0007
2.5733  0.0015
2.5740  0.0019
2.5747  0.0018
2.5753  0.0013
2.5760  0.0006
2.5767  0.0001
2.5773  0.0001
2.5780  0.0005
2.5786  0.0010
2.5793  0.0015
2.5800  0.0018
2.5806  0.0018
2.5813  0.0017
2.5820  0.0015
2.5826  0.0014
2.5833  0.0011
2.5840  0.0006
2.5846  -0.0001
2.5853  -0.0008
2.5860  -0.0014
2.5867  -0.0017
2.5873  -0.0016
2.5880  -0.0012
2.5887  -0.0006
2.5893  0.0002
2.5900  0.0007
2.5907  0.0010
2.5913  0.0011
2.5920  0.0010
2.5927  0.0008
2.5934  0.0006
2.5940  0.0002
2.5947  -0.0002
2.5954  -0.0005
2.5961  -0.0005
2.5967  -0.0003
2.5974  0.0000
2.5981  0.0003
2.5988  0.0005
2.5994  0.0005
2.6001  0.0003
2.6008  0.0001
2.6015  0.0000
2.6021  0.0000
2.6028  0.0001
2.6035  0.0003
2.6042  0.0006
2.6048  0.0008
2.6055  0.0009
2.6062  0.0008
2.6069  0.0007
2.6076  0.0006
2.6082  0.0005
2.6089  0.0003
2.6096  0.0001
2.6103  -0.0001
2.6110  -0.0003
2.6116  -0.0003
2.6123  -0.0001
2.6130  0.0003
2.6137  0.0008
2.6144  0.0013
2.6151  0.0015
2.6157  0.0013
2.6164  0.0007
2.6171  -0.0001
2.6178  -0.0007
2.6185  -0.0009
2.6192  -0.0009
2.6199  -0.0007
2.6205  -0.0006
2.6212  -0.0005
2.6219  -0.0005
2.6226  -0.0005
2.6233  -0.0003
2.6240  -0.0001
2.6247  0.0001
2.6254  0.0003
2.6261  0.0005
2.6267  0.0005
2.6274  0.0003
2.6281  0.0002
2.6288  0.0002
2.6295  0.0004
2.6302  0.0008
2.6309  0.0011
2.6316  0.0013
2.6323  0.0012
2.6330  0.0008
2.6337  0.0004
2.6344  0.0000
2.6350  -0.0002
2.6357  -0.0003
2.6364  -0.0002
2.6371  0.0000
2.6378  0.0000
2.6385  0.0001
2.6392  0.0001
2.6399  0.0001
2.6406  0.0001
2.6413  0.0000
2.6420  -0.0003
2.6427  -0.0004
2.6434  -0.0004
2.6441  -0.0004
2.6448  -0.0002
2.6455  -0.0002
2.6462  -0.0004
2.6469  -0.0005
2.6476  -0.0005
2.6483  -0.0003
2.6490  0.0001
2.6497  0.0005
2.6504  0.0009
2.6511  0.0010
2.6518  0.0009
2.6525  0.0006
2.6532  0.0001
2.6539  -0.0004
2.6546  -0.0006
2.6553  -0.0005
2.6560  -0.0003
2.6567  -0.0001
2.6575  -0.0001
2.6582  -0.0002
2.6589  -0.0004
2.6596  -0.0004
2.6603  -0.0003
2.6610  -0.0002
2.6617  0.0000
2.6624  0.0000
2.6631  0.0000
2.6638  0.0000
2.6645  0.0000
2.6652  0.0001
2.6660  0.0002
2.6667  0.0004
2.6674  0.0006
2.6681  0.0008
2.6688  0.0012
2.6695  0.0018
2.6702  0.0026
2.6709  0.0031
2.6717  0.0032
2.6724  0.0028
2.6731  0.0022
2.6738  0.0016
2.6745  0.0012
2.6752  0.0009
2.6759  0.0006
2.6767  0.0002
2.6774  -0.0003
2.6781  -0.0008
2.6788  -0.0010
2.6795  -0.0008
2.6802  -0.0005
2.6810  -0.0002
2.6817  -0.0001
2.6824  0.0000
2.6831  0.0000
2.6838  0.0002
2.6846  0.0006
2.6853  0.0009
2.6860  0.0010
2.6867  0.0008
2.6874  0.0004
2.6882  0.0000
2.6889  -0.0002
2.6896  -0.0004
2.6903  -0.0005
2.6911  -0.0006
2.6918  -0.0007
2.6925  -0.0006
2.6932  -0.0003
2.6940  0.0003
2.6947  0.0009
2.6954  0.0011
2.6961  0.0010
2.6969  0.0009
2.6976  0.0007
2.6983  0.0006
2.6991  0.0005
2.6998  0.0003
2.7005  0.0001
2.7012  0.0001
2.7020  0.0001
2.7027  0.0004
2.7034  0.0007
2.7042  0.0010
2.7049  0.0013
2.7056  0.0014
2.7064  0.0014
2.7071  0.0011
2.7078  0.0006
2.7086  0.0000
2.7093  -0.0006
2.7100  -0.0011
2.7108  -0.0012
2.7115  -0.0010
2.7122  -0.0008
2.7130  -0.0006
2.7137  -0.0005
2.7144  -0.0004
2.7152  -0.0005
2.7159  -0.0007
2.7167  -0.0010
2.7174  -0.0014
2.7181  -0.0016
2.7189  -0.0017
2.7196  -0.0014
2.7203  -0.0010
2.7211  -0.0004
2.7218  0.0000
2.7226  0.0002
2.7233  0.0000
2.7241  -0.0003
2.7248  -0.0006
2.7255  -0.0009
2.7263  -0.0008
2.7270  -0.0006
2.7278  -0.0005
2.7285  -0.0006
2.7293  -0.0008
2.7300  -0.0010
2.7307  -0.0010
2.7315  -0.0009
2.7322  -0.0006
2.7330  -0.0003
2.7337  0.0001
2.7345  0.0006
2.7352  0.0010
2.7360  0.0013
2.7367  0.0013
2.7375  0.0009
2.7382  0.0004
2.7390  -0.0001
2.7397  -0.0006
2.7405  -0.0010
2.7412  -0.0013
2.7420  -0.0013
2.7427  -0.0010
2.7435  -0.0005
2.7442  0.0000
2.7450  0.0004
2.7457  0.0005
2.7465  0.0004
2.7473  0.0000
2.7480  -0.0004
2.7488  -0.0006
2.7495  -0.0006
2.7503  -0.0004
2.7510  -0.0001
2.7518  0.0002
2.7525  0.0004
2.7533  0.0005
2.7541  0.0004
2.7548  0.0003
2.7556  0.0003
2.7563  0.0003
2.7571  0.0002
2.7579  0.0001
2.7586  0.0000
2.7594  0.0000
2.7601  0.0000
2.7609  0.0001
2.7617  0.0000
2.7624  -0.0003
2.7632  -0.0007
2.7640  -0.0009
2.7647  -0.0008
2.7655  -0.0006
2.7663  -0.0005
2.7670  -0.0005
2.7678  -0.0005
2.7685  -0.0005
2.7693  -0.0004
2.7701  -0.0003
2.7709  -0.0003
2.7716  -0.0004
2.7724  -0.0005
2.7732  -0.0006
2.7739  -0.0007
2.7747  -0.0008
2.7755  -0.0008
2.7762  -0.0007
2.7770  -0.0004
2.7778  -0.0001
2.7785  0.0001
2.7793  0.0001
2.7801  -0.0001
2.7809  -0.0004
2.7816  -0.0006
2.7824  -0.0007
2.7832  -0.0008
2.7840  -0.0009
2.7847  -0.0010
2.7855  -0.0012
2.7863  -0.0012
2.7871  -0.0011
2.7878  -0.0010
2.7886  -0.0009
2.7894  -0.0006
2.7902  -0.0002
2.7910  0.0002
2.7917  0.0006
2.7925  0.0006
2.7933  0.0005
2.7941  0.0002
2.7949  -0.0001
2.7956  -0.0002
2.7964  -0.0002
2.7972  -0.0002
2.7980  -0.0001
2.7988  0.0000
2.7996  0.0001
2.8003  0.0003
2.8011  0.0004
2.8019  0.0004
2.8027  0.0002
2.8035  0.0000
2.8043  -0.0002
2.8050  -0.0002
2.8058  0.0000
2.8066  0.0004
2.8074  0.0007
2.8082  0.0011
2.8090  0.0011
2.8098  0.0008
2.8106  0.0002
2.8114  -0.0005
2.8121  -0.0011
2.8129  -0.0015
2.8137  -0.0016
2.8145  -0.0016
2.8153  -0.0016
2.8161  -0.0015
2.8169  -0.0013
2.8177  -0.0010
2.8185  -0.0008
2.8193  -0.0006
2.8201  -0.0006
2.8209  -0.0006
2.8217  -0.0005
2.8225  -0.0004
2.8233  -0.0004
2.8241  -0.0004
2.8249  -0.0006
2.8257  -0.0007
2.8265  -0.0008
2.8273  -0.0006
2.8281  -0.0004
2.8289  -0.0001
2.8297  0.0001
2.8305  0.0002
2.8313  0.0002
2.8321  0.0002
2.8329  0.0001
2.8337  0.0000
2.8345  -0.0002
2.8353  -0.0003
2.8361  -0.0003
2.8369  -0.0003
2.8377  -0.0002
2.8385  -0.0002
2.8393  -0.0004
2.8401  -0.0006
2.8409  -0.0008
2.8417  -0.0008
2.8425  -0.0006
2.8433  -0.0004
2.8441  -0.0003
2.8450  -0.0003
2.8458  -0.0004
2.8466  -0.0004
2.8474  -0.0003
2.8482  -0.0001
2.8490  0.0002
2.8498  0.0004
2.8506  0.0005
2.8514  0.0006
2.8523  0.0007
2.8531  0.0007
2.8539  0.0006
2.8547  0.0003
2.8555  0.0000
2.8563  -0.0003
2.8571  -0.0003
2.8580  -0.0001
2.8588  0.0000
2.8596  0.0001
2.8604  0.0000
2.8612  -0.0001
2.8620  -0.0002
2.8629  -0.0004
2.8637  -0.0005
2.8645  -0.0006
2.8653  -0.0007
2.8662  -0.0007
2.8670  -0.0007
2.8678  -0.0008
2.8686  -0.0009
2.8694  -0.0009
2.8703  -0.0007
2.8711  -0.0004
2.8719  0.0000
2.8727  0.0002
2.8736  0.0002
2.8744  0.0000
2.8752  -0.0001
2.8760  -0.0003
2.8769  -0.0003
2.8777  -0.0002
2.8785  -0.0002
2.8794  0.0000
2.8802  0.0001
2.8810  0.0002
2.8818  0.0003
2.8827  0.0004
2.8835  0.0004
2.8843  0.0004
2.8852  0.0003
2.8860  0.0002
2.8868  0.0002
2.8877  0.0003
2.8885  0.0005
2.8893  0.0006
2.8902  0.0006
2.8910  0.0004
2.8918  0.0001
2.8927  -0.0002
2.8935  -0.0005
2.8944  -0.0007
2.8952  -0.0008
2.8960  -0.0008
2.8969  -0.0006
2.8977  -0.0002
2.8986  0.0001
2.8994  0.0004
2.9002  0.0004
2.9011  0.0001
2.9019  -0.0002
2.9028  -0.0003
2.9036  -0.0002
2.9044  0.0001
2.9053  0.0004
2.9061  0.0005
2.9070  0.0004
2.9078  0.0001
2.9087  -0.0004
2.9095  -0.0010
2.9104  -0.0015
2.9112  -0.0016
2.9121  -0.0015
2.9129  -0.0012
2.9138  -0.0008
2.9146  -0.0005
2.9155  -0.0004
2.9163  -0.0004
2.9172  -0.0005
2.9180  -0.0005
2.9189  -0.0006
2.9197  -0.0009
2.9206  -0.0011
2.9214  -0.0012
2.9223  -0.0010
2.9231  -0.0005
2.9240  -0.0001
2.9248  0.0002
2.9257  0.0002
2.9265  0.0002
2.9274  0.0003
2.9283  0.0004
2.9291  0.0005
2.9300  0.0006
2.9308  0.0005
2.9317  0.0004
2.9326  0.0001
2.9334  -0.0002
2.9343  -0.0005
2.9351  -0.0006
2.9360  -0.0005
2.9369  -0.0004
2.9377  -0.0001
2.9386  0.0000
2.9394  0.0002
2.9403  0.0003
2.9412  0.0005
2.9420  0.0008
2.9429  0.0009
2.9438  0.0008
2.9446  0.0004
2.9455  -0.0001
2.9464  -0.0005
2.9472  -0.0007
2.9481  -0.0007
2.9490  -0.0005
2.9499  -0.0004
2.9507  -0.0003
2.9516  -0.0003
2.9525  -0.0005
2.9533  -0.0007
2.9542  -0.0008
2.9551  -0.0008
2.9560  -0.0006
2.9568  -0.0005
2.9577  -0.0004
2.9586  -0.0005
2.9595  -0.0005
2.9603  -0.0005
2.9612  -0.0002
2.9621  0.0002
2.9630  0.0005
2.9638  0.0007
2.9647  0.0007
2.9656  0.0005
2.9665  0.0004
2.9674  0.0003
2.9682  0.0003
2.9691  0.0003
2.9700  0.0003
2.9709  0.0004
2.9718  0.0004
2.9727  0.0003
2.9735  0.0001
2.9744  0.0000
2.9753  -0.0002
2.9762  -0.0004
2.9771  -0.0004
2.9780  -0.0004
2.9789  -0.0003
2.9797  -0.0002
2.9806  -0.0001
2.9815  -0.0001
2.9824  -0.0001
2.9833  -0.0001
2.9842  0.0000
2.9851  0.0002
2.9860  0.0004
2.9869  0.0004
2.9878  0.0003
2.9886  0.0002
2.9895  0.0001
2.9904  0.0003
2.9913  0.0005
2.9922  0.0007
2.9931  0.0006
2.9940  0.0003
2.9949  0.0000
2.9958  -0.0003
2.9967  -0.0004
2.9976  -0.0004
2.9985  -0.0003
2.9994  -0.0003
3.0003  -0.0002
3.0012  -0.0002
3.0021  -0.0001
3.0030  0.0000
3.0039  0.0001
3.0048  0.0001
3.0057  0.0001
3.0066  0.0000
3.0075  -0.0001
3.0084  -0.0002
3.0093  -0.0002
3.0102  -0.0002
3.0111  -0.0001
3.0120  -0.0001
3.0130  -0.0002
3.0139  -0.0002
3.0148  -0.0004
3.0157  -0.0006
3.0166  -0.0008
3.0175  -0.0009
3.0184  -0.0007
3.0193  -0.0005
3.0202  -0.0002
3.0211  0.0000
3.0221  0.0000
3.0230  -0.0001
3.0239  -0.0001
3.0248  0.0000
3.0257  0.0002
3.0266  0.0001
3.0276  0.0000
3.0285  -0.0001
3.0294  -0.0001
3.0303  0.0000
3.0312  0.0002
3.0321  0.0003
3.0331  0.0003
3.0340  0.0003
3.0349  0.0002
3.0358  0.0002
3.0367  0.0002
3.0377  0.0001
3.0386  0.0001
3.0395  0.0000
3.0404  -0.0001
3.0414  -0.0002
3.0423  -0.0004
3.0432  -0.0005
3.0441  -0.0005
3.0451  -0.0005
3.0460  -0.0004
3.0469  -0.0002
3.0479  -0.0001
3.0488  -0.0001
3.0497  -0.0001
3.0506  -0.0001
3.0516  0.0000
3.0525  0.0001
3.0534  0.0001
3.0544  0.0000
3.0553  -0.0001
3.0562  -0.0002
3.0572  -0.0004
3.0581  -0.0005
3.0590  -0.0006
3.0600  -0.0006
3.0609  -0.0006
3.0618  -0.0005
3.0628  -0.0003
3.0637  -0.0002
3.0647  -0.0002
3.0656  -0.0002
3.0665  -0.0003
3.0675  -0.0003
3.0684  -0.0003
3.0694  -0.0003
3.0703  -0.0004
3.0713  -0.0005
3.0722  -0.0005
3.0731  -0.0005
3.0741  -0.0003
3.0750  -0.0001
3.0760  0.0000
3.0769  -0.0001
3.0779  -0.0003
3.0788  -0.0004
3.0798  -0.0004
3.0807  -0.0003
3.0817  -0.0003
3.0826  -0.0002
3.0836  -0.0001
3.0845  0.0001
3.0855  0.0004
3.0864  0.0006
3.0874  0.0007
3.0883  0.0005
3.0893  0.0000
3.0902  -0.0005
3.0912  -0.0008
3.0921  -0.0009
3.0931  -0.0006
3.0941  -0.0003
3.0950  0.0001
3.0960  0.0004
3.0969  0.0005
3.0979  0.0005
3.0989  0.0004
3.0998  0.0002
3.1008  0.0000
3.1017  -0.0002
3.1027  -0.0004
3.1037  -0.0007
3.1046  -0.0010
3.1056  -0.0012
3.1066  -0.0012
3.1075  -0.0010
3.1085  -0.0006
3.1095  -0.0003
3.1104  -0.0002
3.1114  -0.0002
3.1124  -0.0003
3.1133  -0.0002
3.1143  0.0000
3.1153  0.0004
3.1162  0.0007
3.1172  0.0009
3.1182  0.0008
3.1192  0.0005
3.1201  0.0002
3.1211  0.0000
3.1221  -0.0001
3.1230  -0.0001
3.1240  -0.0001
3.1250  -0.0001
3.1260  -0.0001
3.1270  -0.0002
3.1279  -0.0002
3.1289  -0.0001
3.1299  -0.0001
3.1309  0.0000
3.1319  -0.0001
3.1328  -0.0002
3.1338  -0.0004
3.1348  -0.0007
3.1358  -0.0009
3.1368  -0.0010
3.1377  -0.0009
3.1387  -0.0008
3.1397  -0.0006
3.1407  -0.0004
3.1417  -0.0001
3.1427  0.0002
3.1437  0.0005
3.1447  0.0005
3.1456  0.0003
3.1466  -0.0001
3.1476  -0.0005
3.1486  -0.0007
3.1496  -0.0006
3.1506  -0.0003
3.1516  0.0000
3.1526  0.0001
3.1536  0.0002
3.1546  0.0002
3.1556  0.0002
3.1566  0.0003
3.1576  0.0003
3.1586  0.0002
3.1596  0.0000
3.1606  -0.0003
3.1616  -0.0004
3.1626  -0.0004
3.1636  -0.0004
3.1646  -0.0003
3.1656  -0.0002
3.1666  0.0000
3.1676  0.0003
3.1686  0.0006
3.1696  0.0009
3.1706  0.0010
3.1716  0.0008
3.1726  0.0005
3.1736  0.0002
3.1746  0.0000
3.1756  -0.0002
3.1766  -0.0003
3.1776  -0.0004
3.1786  -0.0005
3.1797  -0.0005
3.1807  -0.0005
3.1817  -0.0004
3.1827  -0.0002
3.1837  -0.0001
3.1847  0.0000
3.1857  0.0001
3.1867  0.0001
3.1878  0.0002
3.1888  0.0002
3.1898  0.0002
3.1908  0.0001
3.1918  0.0001
3.1928  0.0002
3.1939  0.0003
3.1949  0.0004
3.1959  0.0003
3.1969  0.0001
3.1980  -0.0001
3.1990  -0.0002
3.2000  -0.0002
3.2010  0.0000
3.2020  0.0003
3.2031  0.0005
3.2041  0.0006
3.2051  0.0005
3.2062  0.0002
3.2072  0.0000
3.2082  0.0000
3.2092  0.0002
3.2103  0.0005
3.2113  0.0007
3.2123  0.0006
3.2134  0.0005
3.2144  0.0004
3.2154  0.0005
3.2165  0.0006
3.2175  0.0006
3.2185  0.0005
3.2196  0.0001
3.2206  -0.0003
3.2216  -0.0004
3.2227  -0.0002
3.2237  0.0002
3.2248  0.0004
3.2258  0.0005
3.2268  0.0005
3.2279  0.0004
3.2289  0.0003
3.2300  0.0002
3.2310  0.0002
3.2321  0.0002
3.2331  0.0002
3.2342  0.0002
3.2352  0.0002
3.2362  0.0003
3.2373  0.0003
3.2383  0.0003
3.2394  0.0003
3.2404  0.0001
3.2415  0.0000
3.2425  -0.0001
3.2436  0.0000
3.2446  0.0001
3.2457  0.0003
3.2468  0.0003
3.2478  0.0001
3.2489  -0.0002
3.2499  -0.0005
3.2510  -0.0006
3.2520  -0.0005
3.2531  -0.0002
3.2541  0.0001
3.2552  0.0004
3.2563  0.0005
3.2573  0.0003
3.2584  -0.0001
3.2595  -0.0005
3.2605  -0.0008
3.2616  -0.0009
3.2626  -0.0007
3.2637  -0.0004
3.2648  0.0000
3.2658  0.0003
3.2669  0.0003
3.2680  0.0001
3.2690  -0.0002
3.2701  -0.0004
3.2712  -0.0005
3.2723  -0.0004
3.2733  -0.0001
3.2744  0.0002
3.2755  0.0005
3.2765  0.0006
3.2776  0.0005
3.2787  0.0004
3.2798  0.0001
3.2808  -0.0001
3.2819  -0.0003
3.2830  -0.0005
3.2841  -0.0006
3.2852  -0.0006
3.2862  -0.0005
3.2873  -0.0005
3.2884  -0.0005
3.2895  -0.0007
3.2906  -0.0009
3.2916  -0.0010
3.2927  -0.0008
3.2938  -0.0006
3.2949  -0.0004
3.2960  -0.0002
3.2971  0.0000
3.2982  0.0000
3.2992  0.0000
3.3003  0.0001
3.3014  0.0001
3.3025  0.0001
3.3036  0.0000
3.3047  0.0000
3.3058  0.0000
3.3069  -0.0001
3.3080  -0.0002
3.3091  -0.0004
3.3102  -0.0004
3.3113  -0.0005
3.3124  -0.0005
3.3135  -0.0004
3.3146  -0.0003
3.3156  -0.0003
3.3167  -0.0003
3.3179  -0.0004
3.3190  -0.0006
3.3201  -0.0009
3.3212  -0.0010
3.3223  -0.0011
3.3234  -0.0011
3.3245  -0.0010
3.3256  -0.0009
3.3267  -0.0007
3.3278  -0.0005
3.3289  -0.0003
3.3300  -0.0002
3.3311  -0.0002
3.3322  -0.0002
3.3333  -0.0003
3.3344  -0.0003
3.3356  -0.0003
3.3367  -0.0003
3.3378  -0.0003
3.3389  -0.0004
3.3400  -0.0006
3.3411  -0.0007
3.3422  -0.0006
3.3434  -0.0003
3.3445  0.0001
3.3456  0.0005
3.3467  0.0006
3.3478  0.0005
3.3490  0.0003
3.3501  0.0001
3.3512  -0.0001
3.3523  -0.0003
3.3535  -0.0005
3.3546  -0.0005
3.3557  -0.0005
3.3568  -0.0005
3.3580  -0.0004
3.3591  -0.0003
3.3602  -0.0002
3.3613  -0.0003
3.3625  -0.0003
3.3636  -0.0003
3.3647  -0.0002
3.3659  0.0000
3.3670  0.0001
3.3681  0.0003
3.3693  0.0002
3.3704  0.0000
3.3715  -0.0003
3.3727  -0.0007
3.3738  -0.0010
3.3750  -0.0009
3.3761  -0.0007
3.3772  -0.0003
3.3784  0.0000
3.3795  0.0002
3.3807  0.0003
3.3818  0.0004
3.3829  0.0005
3.3841  0.0005
3.3852  0.0004
3.3864  0.0002
3.3875  -0.0001
3.3887  -0.0004
3.3898  -0.0005
3.3910  -0.0006
3.3921  -0.0006
3.3933  -0.0007
3.3944  -0.0009
3.3956  -0.0010
3.3967  -0.0011
3.3979  -0.0010
3.3990  -0.0009
3.4002  -0.0007
3.4014  -0.0005
3.4025  -0.0005
3.4037  -0.0006
3.4048  -0.0008
3.4060  -0.0010
3.4072  -0.0011
3.4083  -0.0012
3.4095  -0.0012
3.4106  -0.0011
3.4118  -0.0009
3.4130  -0.0006
3.4141  -0.0002
3.4153  0.0000
3.4165  -0.0001
3.4176  -0.0003
3.4188  -0.0006
3.4200  -0.0008
3.4211  -0.0007
3.4223  -0.0005
3.4235  -0.0004
3.4247  -0.0003
3.4258  -0.0003
3.4270  -0.0003
3.4282  -0.0003
3.4294  -0.0002
3.4305  -0.0001
3.4317  -0.0001
3.4329  -0.0001
3.4341  0.0000
3.4352  0.0001
3.4364  0.0002
3.4376  0.0004
3.4388  0.0004
3.4400  0.0004
3.4412  0.0002
3.4423  0.0001
3.4435  0.0000
3.4447  0.0000
3.4459  0.0000
3.4471  0.0000
3.4483  0.0001
3.4495  0.0003
3.4507  0.0003
3.4518  0.0002
3.4530  0.0001
3.4542  0.0000
3.4554  0.0000
3.4566  0.0001
3.4578  0.0002
3.4590  0.0003
3.4602  0.0004
3.4614  0.0004
3.4626  0.0004
3.4638  0.0005
3.4650  0.0005
3.4662  0.0004
3.4674  0.0002
3.4686  0.0000
3.4698  -0.0003
3.4710  -0.0005
3.4722  -0.0006
3.4734  -0.0006
3.4746  -0.0006
3.4758  -0.0005
3.4771  -0.0003
3.4783  -0.0002
3.4795  0.0000
3.4807  0.0001
3.4819  0.0002
3.4831  0.0002
3.4843  0.0001
3.4855  -0.0001
3.4868  -0.0002
3.4880  -0.0003
3.4892  -0.0001
3.4904  0.0003
3.4916  0.0007
3.4928  0.0010
3.4941  0.0012
3.4953  0.0011
3.4965  0.0008
3.4977  0.0005
3.4990  0.0002
3.5002  0.0000
3.5014  -0.0001
3.5026  -0.0002
3.5039  -0.0002
3.5051  -0.0002
3.5063  -0.0001
3.5075  0.0000
3.5088  0.0001
3.5100  0.0001
3.5112  0.0001
3.5125  0.0000
3.5137  -0.0001
3.5149  -0.0001
3.5162  0.0000
3.5174  0.0001
3.5186  0.0002
3.5199  0.0002
3.5211  0.0001
3.5224  0.0000
3.5236  -0.0002
3.5249  -0.0003
3.5261  -0.0004
3.5273  -0.0004
3.5286  -0.0004
3.5298  -0.0002
3.5311  -0.0001
3.5323  0.0000
3.5336  0.0000
3.5348  0.0000
3.5361  -0.0001
3.5373  -0.0001
3.5386  0.0000
3.5398  0.0000
3.5411  0.0001
3.5423  0.0000
3.5436  0.0000
3.5448  -0.0001
3.5461  -0.0002
3.5474  -0.0003
3.5486  -0.0003
3.5499  -0.0002
3.5511  -0.0001
3.5524  -0.0001
3.5537  0.0000
3.5549  0.0000
3.5562  -0.0001
3.5575  -0.0001
3.5587  -0.0001
3.5600  -0.0001
3.5613  -0.0001
3.5625  0.0000
3.5638  0.0000
3.5651  0.0001
3.5663  0.0002
3.5676  0.0002
3.5689  0.0002
3.5702  0.0001
3.5714  0.0000
3.5727  -0.0001
3.5740  -0.0001
3.5753  -0.0001
3.5765  -0.0001
3.5778  0.0000
3.5791  0.0000
3.5804  0.0001
3.5817  0.0002
3.5829  0.0003
3.5842  0.0004
3.5855  0.0003
3.5868  0.0002
3.5881  0.0002
3.5894  0.0001
3.5907  0.0001
3.5920  0.0000
3.5932  -0.0001
3.5945  -0.0004
3.5958  -0.0005
3.5971  -0.0005
3.5984  -0.0003
3.5997  0.0001
3.6010  0.0004
3.6023  0.0006
3.6036  0.0007
3.6049  0.0006
3.6062  0.0005
3.6075  0.0004
3.6088  0.0004
3.6101  0.0005
3.6114  0.0005
3.6127  0.0005
3.6140  0.0004
3.6153  0.0002
3.6166  0.0001
3.6179  0.0000
3.6193  0.0000
3.6206  0.0002
3.6219  0.0003
3.6232  0.0004
3.6245  0.0004
3.6258  0.0003
3.6271  0.0002
3.6284  0.0002
3.6298  0.0001
3.6311  0.0000
3.6324  -0.0001
3.6337  -0.0002
3.6350  -0.0002
3.6364  -0.0002
3.6377  0.0000
3.6390  0.0003
3.6403  0.0005
3.6417  0.0006
3.6430  0.0006
3.6443  0.0004
3.6456  0.0003
3.6470  0.0002
3.6483  0.0002
3.6496  0.0001
3.6510  0.0001
3.6523  0.0000
3.6536  -0.0001
3.6550  -0.0002
3.6563  -0.0002
3.6576  -0.0001
3.6590  -0.0001
3.6603  -0.0001
3.6617  -0.0001
3.6630  -0.0001
3.6643  -0.0001
3.6657  -0.0001
3.6670  0.0000
3.6684  0.0000
3.6697  0.0000
3.6711  -0.0001
3.6724  -0.0002
3.6738  -0.0003
3.6751  -0.0004
3.6765  -0.0004
3.6778  -0.0003
3.6792  0.0000
3.6805  0.0002
3.6819  0.0003
3.6832  0.0004
3.6846  0.0004
3.6860  0.0003
3.6873  0.0003
3.6887  0.0002
3.6900  0.0001
3.6914  0.0000
3.6928  0.0000
3.6941  0.0000
3.6955  0.0000
3.6969  0.0001
3.6982  0.0002
3.6996  0.0003
3.7010  0.0003
3.7023  0.0003
3.7037  0.0003
3.7051  0.0003
3.7064  0.0004
3.7078  0.0004
3.7092  0.0004
3.7106  0.0004
3.7120  0.0002
3.7133  0.0001
3.7147  0.0000
3.7161  -0.0001
3.7175  0.0000
3.7189  0.0000
3.7202  0.0000
3.7216  -0.0001
3.7230  -0.0003
3.7244  -0.0003
3.7258  -0.0003
3.7272  -0.0002
3.7286  -0.0001
3.7300  0.0000
3.7313  0.0001
3.7327  0.0002
3.7341  0.0001
3.7355  0.0001
3.7369  0.0000
3.7383  -0.0001
3.7397  -0.0001
3.7411  0.0000
3.7425  0.0001
3.7439  0.0002
3.7453  0.0002
3.7467  0.0003
3.7481  0.0003
3.7495  0.0003
3.7509  0.0004
3.7523  0.0005
3.7538  0.0005
3.7552  0.0005
3.7566  0.0005
3.7580  0.0004
3.7594  0.0003
3.7608  0.0001
3.7622  0.0000
3.7636  -0.0001
3.7651  -0.0002
3.7665  -0.0003
3.7679  -0.0003
3.7693  -0.0002
3.7707  0.0000
3.7722  0.0002
3.7736  0.0003
3.7750  0.0005
3.7764  0.0005
3.7779  0.0004
3.7793  0.0003
3.7807  0.0002
3.7821  0.0001
3.7836  0.0001
3.7850  0.0001
3.7864  0.0001
3.7879  0.0000
3.7893  0.0000
3.7908  0.0000
3.7922  0.0000
3.7936  0.0000
3.7951  0.0000
3.7965  -0.0001
3.7979  -0.0001
3.7994  -0.0001
3.8008  -0.0002
3.8023  -0.0002
3.8037  -0.0001
3.8052  0.0000
3.8066  0.0001
3.8081  0.0001
3.8095  0.0001
3.8110  0.0001
3.8124  0.0001
3.8139  0.0001
3.8153  0.0000
3.8168  0.0000
3.8183  0.0000
3.8197  0.0000
3.8212  0.0000
3.8226  0.0001
3.8241  0.0001
3.8256  0.0001
3.8270  0.0001
3.8285  0.0000
3.8300  -0.0001
3.8314  -0.0001
3.8329  -0.0001
3.8344  0.0000
3.8358  0.0001
3.8373  0.0002
3.8388  0.0002
3.8402  0.0003
3.8417  0.0003
3.8432  0.0003
3.8447  0.0002
3.8462  0.0002
3.8476  0.0002
3.8491  0.0002
3.8506  0.0002
3.8521  0.0001
3.8536  0.0000
3.8551  0.0000
3.8565  0.0000
3.8580  0.0000
3.8595  0.0002
3.8610  0.0003
3.8625  0.0004
3.8640  0.0004
3.8655  0.0003
3.8670  0.0002
3.8685  0.0001
3.8700  0.0000
3.8715  0.0000
3.8730  -0.0001
3.8745  -0.0001
3.8760  0.0000
3.8775  0.0000
3.8790  0.0001
3.8805  0.0002
3.8820  0.0002
3.8835  0.0001
3.8850  0.0001
3.8865  0.0001
3.8880  0.0001
3.8895  0.0001
3.8911  0.0002
3.8926  0.0002
3.8941  0.0002
3.8956  0.0001
3.8971  0.0001
3.8986  0.0000
3.9002  0.0000
3.9017  0.0000
3.9032  0.0001
3.9047  0.0002
3.9062  0.0002
3.9078  0.0001
3.9093  0.0001
3.9108  0.0001
3.9124  0.0001
3.9139  0.0000
3.9154  0.0000
3.9170  0.0000
3.9185  0.0000
3.9200  0.0000
3.9216  0.0000
3.9231  0.0000
3.9246  0.0000
3.9262  0.0000
3.9277  0.0000
3.9293  0.0000
3.9308  0.0000
3.9324  0.0000
3.9339  0.0000
3.9355  0.0000
3.9370  0.0000
3.9386  0.0000
3.9401  0.0000
3.9417  0.0000
3.9432  0.0000
3.9448  0.0000
3.9463  0.0000
3.9479  -0.0001
3.9494  -0.0002
3.9510  -0.0002
3.9526  -0.0002
3.9541  -0.0002
3.9557  -0.0002
3.9573  -0.0001
3.9588  -0.0001
3.9604  -0.0002
3.9620  -0.0001
3.9635  -0.0001
3.9651  -0.0001
3.9667  0.0000
3.9683  -0.0001
3.9698  -0.0001
3.9714  -0.0002
3.9730  -0.0002
3.9746  -0.0001
3.9761  -0.0001
3.9777  -0.0001
3.9793  -0.0001
3.9809  -0.0001
3.9825  -0.0001
3.9841  -0.0001
3.9857  0.0000
3.9872  0.0000
3.9888  0.0001
3.9904  0.0001
3.9920  0.0001
3.9936  0.0001
3.9952  0.0001
3.9968  0.0001
3.9984  0.0000
4.0000  0.0000
4.0016  0.0000
4.0032  -0.0001
4.0048  -0.0001
4.0064  -0.0001
4.0080  0.0000
4.0096  -0.0001
4.0112  -0.0001
4.0128  -0.0001
4.0145  -0.0002
4.0161  -0.0001
4.0177  0.0000
4.0193  0.0001
4.0209  0.0003
4.0225  0.0004
4.0241  0.0004
4.0258  0.0004
4.0274  0.0003
4.0290  0.0003
4.0306  0.0003
4.0323  0.0003
4.0339  0.0003
4.0355  0.0001
4.0371  -0.0001
4.0388  -0.0003
4.0404  -0.0003
4.0420  -0.0003
4.0437  -0.0001
4.0453  0.0000
4.0469  0.0001
4.0486  0.0001
4.0502  0.0000
4.0519  0.0000
4.0535  -0.0001
4.0552  -0.0002
4.0568  -0.0002
4.0584  -0.0001
4.0601  -0.0001
4.0617  0.0000
4.0634  0.0000
4.0650  -0.0001
4.0667  -0.0002
4.0683  -0.0003
4.0700  -0.0002
4.0717  -0.0001
4.0733  0.0000
4.0750  0.0000
4.0766  0.0001
4.0783  0.0001
4.0800  0.0001
4.0816  0.0001
4.0833  0.0001
4.0850  0.0001
4.0866  0.0000
4.0883  0.0000
4.0900  0.0000
4.0917  0.0001
4.0933  0.0001
4.0950  0.0001
4.0967  0.0000
4.0984  0.0000
4.1000  0.0000
4.1017  0.0000
4.1034  0.0000
4.1051  0.0000
4.1068  0.0000
4.1085  0.0000
4.1102  0.0000
4.1118  0.0001
4.1135  0.0002
4.1152  0.0002
4.1169  0.0002
4.1186  0.0002
4.1203  0.0002
4.1220  0.0001
4.1237  0.0000
4.1254  0.0000
4.1271  0.0000
4.1288  0.0000
4.1305  0.0000
4.1322  0.0000
4.1339  0.0001
4.1356  0.0002
4.1374  0.0002
4.1391  0.0001
4.1408  0.0001
4.1425  0.0000
4.1442  0.0000
4.1459  0.0000
4.1477  0.0000
4.1494  0.0001
4.1511  0.0001
4.1528  0.0000
4.1545  -0.0001
4.1563  -0.0001
4.1580  -0.0002
4.1597  -0.0001
4.1615  0.0000
4.1632  0.0000
4.1649  0.0000
4.1667  0.0000
4.1684  -0.0001
4.1701  -0.0002
4.1719  -0.0002
4.1736  -0.0002
4.1754  -0.0001
4.1771  -0.0001
4.1789  -0.0001
4.1806  -0.0002
4.1824  -0.0002
4.1841  -0.0003
4.1859  -0.0002
4.1876  -0.0001
4.1894  0.0000
4.1911  0.0001
4.1929  0.0003
4.1946  0.0003
4.1964  0.0003
4.1982  0.0002
4.1999  0.0001
4.2017  0.0000
4.2034  0.0000
4.2052  0.0000
4.2070  0.0001
4.2088  0.0001
4.2105  0.0000
4.2123  -0.0001
4.2141  -0.0003
4.2159  -0.0005
4.2176  -0.0006
4.2194  -0.0006
4.2212  -0.0006
4.2230  -0.0004
4.2248  -0.0002
4.2265  0.0000
4.2283  0.0001
4.2301  0.0001
4.2319  0.0001
4.2337  0.0000
4.2355  0.0000
4.2373  0.0000
4.2391  0.0000
4.2409  -0.0001
4.2427  -0.0002
4.2445  -0.0002
4.2463  -0.0002
4.2481  -0.0002
4.2499  -0.0002
4.2517  -0.0001
4.2535  -0.0001
4.2553  0.0000
4.2571  0.0000
4.2589  0.0001
4.2608  0.0002
4.2626  0.0003
4.2644  0.0004
4.2662  0.0004
4.2680  0.0003
4.2699  0.0002
4.2717  0.0002
4.2735  0.0002
4.2753  0.0002
4.2772  0.0002
4.2790  0.0001
4.2808  0.0000
4.2827  -0.0002
4.2845  -0.0003
4.2863  -0.0003
4.2882  -0.0002
4.2900  0.0000
4.2918  0.0000
4.2937  0.0000
4.2955  -0.0001
4.2974  -0.0003
4.2992  -0.0005
4.3011  -0.0005
4.3029  -0.0005
4.3048  -0.0004
4.3066  -0.0002
4.3085  -0.0001
4.3103  0.0000
4.3122  0.0000
4.3141  0.0001
4.3159  0.0002
4.3178  0.0003
4.3197  0.0004
4.3215  0.0004
4.3234  0.0003
4.3253  0.0002
4.3271  0.0000
4.3290  0.0000
4.3309  -0.0001
4.3328  0.0000
4.3346  0.0000
4.3365  -0.0001
4.3384  -0.0001
4.3403  -0.0002
4.3422  -0.0001
4.3440  -0.0001
4.3459  0.0000
4.3478  0.0002
4.3497  0.0003
4.3516  0.0004
4.3535  0.0005
4.3554  0.0005
4.3573  0.0006
4.3592  0.0005
4.3611  0.0005
4.3630  0.0003
4.3649  0.0002
4.3668  0.0000
4.3687  -0.0001
4.3706  -0.0001
4.3725  -0.0001
4.3745  -0.0001
4.3764  0.0000
4.3783  0.0001
4.3802  0.0001
4.3821  0.0001
4.3840  0.0000
4.3860  0.0000
4.3879  -0.0001
4.3898  -0.0002
4.3917  -0.0002
4.3937  -0.0002
4.3956  -0.0002
4.3975  -0.0001
4.3995  0.0000
4.4014  0.0000
4.4033  0.0000
4.4053  0.0000
4.4072  0.0000
4.4092  0.0000
4.4111  0.0000
4.4131  0.0000
4.4150  0.0000
4.4170  0.0000
4.4189  0.0000
4.4209  -0.0001
4.4228  -0.0001
4.4248  -0.0001
4.4267  0.0000
4.4287  0.0000
4.4307  0.0001
4.4326  0.0001
4.4346  0.0001
4.4366  0.0001
4.4385  0.0000
4.4405  0.0000
4.4425  -0.0001
4.4444  -0.0002
4.4464  -0.0003
4.4484  -0.0003
4.4504  -0.0003
4.4524  -0.0002
4.4543  -0.0001
4.4563  0.0000
4.4583  0.0001
4.4603  0.0002
4.4623  0.0002
4.4643  0.0001
4.4663  0.0000
4.4683  -0.0001
4.4703  -0.0002
4.4723  -0.0002
4.4743  -0.0002
4.4763  -0.0001
4.4783  0.0000
4.4803  0.0000
4.4823  -0.0001
4.4843  -0.0001
4.4863  -0.0001
4.4883  -0.0001
4.4903  -0.0001
4.4924  -0.0001
4.4944  -0.0001
4.4964  -0.0001
4.4984  -0.0001
4.5005  -0.0001
4.5025  -0.0001
4.5045  -0.0001
4.5065  -0.0001
4.5086  -0.0001
4.5106  0.0000
4.5126  0.0000
4.5147  0.0000
4.5167  0.0000
4.5188  0.0000
4.5208  0.0000
4.5228  0.0000
4.5249  0.0000
4.5269  -0.0001
4.5290  -0.0001
4.5310  0.0000
4.5331  0.0000
4.5351  0.0001
4.5372  0.0001
4.5393  0.0001
4.5413  0.0001
4.5434  0.0001
4.5455  0.0002
4.5475  0.0002
4.5496  0.0001
4.5517  0.0001
4.5537  0.0000
4.5558  0.0000
4.5579  0.0000
4.5600  0.0000
4.5620  0.0000
4.5641  0.0000
4.5662  0.0000
4.5683  0.0000
4.5704  0.0000
4.5725  0.0000
4.5746  0.0000
4.5767  -0.0001
4.5788  -0.0001
4.5809  -0.0001
4.5830  -0.0001
4.5851  -0.0001
4.5872  0.0000
4.5893  0.0000
4.5914  -0.0001
4.5935  0.0000
4.5956  0.0000
4.5977  0.0001
4.5998  0.0002
4.6019  0.0003
4.6041  0.0003
4.6062  0.0003
4.6083  0.0003
4.6104  0.0002
4.6125  0.0002
4.6147  0.0001
4.6168  0.0001
4.6189  0.0001
4.6211  0.0001
4.6232  0.0001
4.6253  0.0001
4.6275  0.0000
4.6296  0.0000
4.6318  0.0000
4.6339  0.0000
4.6361  0.0000
4.6382  0.0001
4.6404  0.0001
4.6425  0.0000
4.6447  0.0000
4.6468  0.0000
4.6490  0.0000
4.6512  -0.0001
4.6533  -0.0002
4.6555  -0.0003
4.6577  -0.0003
4.6598  -0.0003
4.6620  -0.0002
4.6642  -0.0001
4.6664  0.0000
4.6685  0.0001
4.6707  0.0002
4.6729  0.0002
4.6751  0.0002
4.6773  0.0002
4.6795  0.0001
4.6816  0.0001
4.6838  0.0001
4.6860  0.0001
4.6882  0.0001
4.6904  0.0000
4.6926  0.0000
4.6948  0.0000
4.6970  0.0000
4.6992  0.0000
4.7015  0.0000
4.7037  0.0000
4.7059  -0.0001
4.7081  -0.0001
4.7103  -0.0001
4.7125  -0.0001
4.7148  -0.0001
4.7170  0.0000
4.7192  0.0000
4.7214  0.0000
4.7237  0.0001
4.7259  0.0001
4.7281  0.0001
4.7304  0.0001
4.7326  0.0000
4.7348  0.0000
4.7371  0.0000
4.7393  0.0000
4.7416  -0.0001
4.7438  -0.0001
4.7461  -0.0001
4.7483  -0.0001
4.7506  -0.0001
4.7529  0.0000
4.7551  0.0000
4.7574  0.0001
4.7596  0.0001
4.7619  0.0001
4.7642  0.0001
4.7664  0.0002
4.7687  0.0002
4.7710  0.0003
4.7733  0.0003
4.7755  0.0003
4.7778  0.0003
4.7801  0.0002
4.7824  0.0001
4.7847  0.0001
4.7870  0.0001
4.7893  0.0001
4.7916  0.0001
4.7939  0.0001
4.7962  0.0000
4.7985  -0.0001
4.8008  -0.0002
4.8031  -0.0002
4.8054  -0.0001
4.8077  -0.0001
4.8100  0.0000
4.8123  0.0000
4.8146  0.0000
4.8170  0.0000
4.8193  0.0000
4.8216  0.0000
4.8239  0.0000
4.8263  0.0000
4.8286  0.0000
4.8309  0.0000
4.8333  0.0001
4.8356  0.0001
4.8379  0.0001
4.8403  0.0000
4.8426  0.0000
4.8450  0.0000
4.8473  0.0000
4.8497  0.0000
4.8520  0.0000
4.8544  0.0000
4.8567  0.0000
4.8591  0.0000
4.8614  0.0000
4.8638  0.0000
4.8662  0.0000
4.8685  0.0000
4.8709  0.0000
4.8733  0.0000
4.8757  0.0000
4.8780  0.0000
4.8804  0.0000
4.8828  0.0000
4.8852  0.0000
4.8876  0.0000
4.8900  0.0000
4.8924  0.0000
4.8948  0.0000
4.8972  -0.0001
4.8996  -0.0001
4.9020  -0.0001
4.9044  -0.0001
4.9068  0.0000
4.9092  0.0000
4.9116  0.0000
4.9140  0.0000
4.9164  0.0000
4.9188  0.0001
4.9213  0.0001
4.9237  0.0001
4.9261  0.0001
4.9285  0.0001
4.9310  0.0000
4.9334  0.0000
4.9358  -0.0001
4.9383  -0.0001
4.9407  -0.0002
4.9432  -0.0002
4.9456  -0.0001
4.9480  -0.0001
4.9505  -0.0001
4.9529  -0.0001
4.9554  -0.0001
4.9579  -0.0001
4.9603  -0.0001
4.9628  -0.0001
4.9652  -0.0001
4.9677  -0.0001
4.9702  -0.0001
4.9727  -0.0001
4.9751  -0.0001
4.9776  -0.0001
4.9801  -0.0001
4.9826  -0.0001
4.9850  -0.0001
4.9875  -0.0001
4.9900  0.0000
4.9925  0.0000
4.9950  0.0000
4.9975  0.0000
5.0000  0.0000
5.0025  0.0000
5.0050  -0.0001
5.0075  -0.0001
5.0100  -0.0001
5.0125  -0.0001
5.0150  -0.0001
5.0176  -0.0001
5.0201  0.0000
5.0226  0.0000
5.0251  0.0000
5.0277  0.0000
5.0302  0.0000
5.0327  0.0000
5.0352  -0.0001
5.0378  -0.0001
5.0403  -0.0002
5.0429  -0.0002
5.0454  -0.0002
5.0480  -0.0002
5.0505  -0.0002
5.0531  -0.0001
5.0556  -0.0002
5.0582  -0.0001
5.0607  -0.0001
5.0633  -0.0001
5.0659  0.0000
5.0684  0.0000
5.0710  0.0001
5.0736  0.0001
5.0761  0.0000
5.0787  0.0000
5.0813  0.0000
5.0839  0.0000
5.0865  -0.0001
5.0891  -0.0001
5.0916  -0.0001
5.0942  0.0000
5.0968  0.0000
5.0994  0.0000
5.1020  0.0000
5.1046  0.0000
5.1073  0.0000
5.1099  -0.0001
5.1125  -0.0001
5.1151  0.0000
5.1177  0.0000
5.1203  0.0000
5.1230  0.0000
5.1256  0.0000
5.1282  -0.0001
5.1308  -0.0001
5.1335  -0.0002
5.1361  -0.0002
5.1387  -0.0002
5.1414  -0.0001
5.1440  -0.0001
5.1467  -0.0001
5.1493  0.0000
5.1520  0.0000
5.1546  0.0000
5.1573  0.0000
5.1600  0.0000
5.1626  0.0000
5.1653  -0.0001
5.1680  -0.0001
5.1706  -0.0002
5.1733  -0.0002
5.1760  -0.0001
5.1787  -0.0001
5.1813  0.0000
5.1840  0.0000
5.1867  0.0001
5.1894  0.0001
5.1921  0.0001
5.1948  0.0000
5.1975  0.0000
5.2002  0.0000
5.2029  0.0000
5.2056  0.0000
5.2083  0.0000
5.2110  0.0000
5.2138  0.0000
5.2165  0.0000
5.2192  -0.0001
5.2219  -0.0001
5.2247  -0.0001
5.2274  -0.0001
5.2301  0.0000
5.2329  0.0000
5.2356  0.0000
5.2383  0.0000
5.2411  -0.0001
5.2438  -0.0001
5.2466  -0.0001
5.2493  -0.0001
5.2521  -0.0001
5.2549  -0.0001
5.2576  -0.0002
5.2604  -0.0002
5.2632  -0.0002
5.2659  -0.0001
5.2687  -0.0001
5.2715  -0.0001
5.2743  -0.0001
5.2770  0.0000
5.2798  0.0000
5.2826  0.0000
5.2854  0.0000
5.2882  0.0000
5.2910  -0.0001
5.2938  -0.0002
5.2966  -0.0002
5.2994  -0.0002
5.3022  -0.0002
5.3050  -0.0001
5.3079  -0.0001
5.3107  0.0000
5.3135  0.0000
5.3163  0.0000
5.3191  0.0000
5.3220  0.0000
5.3248  0.0000
5.3277  0.0000
5.3305  0.0000
5.3333  0.0000
5.3362  0.0000
5.3390  0.0000
5.3419  0.0000
5.3447  0.0000
5.3476  0.0000
5.3505  -0.0001
5.3533  -0.0001
5.3562  -0.0002
5.3591  -0.0002
5.3619  -0.0002
5.3648  -0.0002
5.3677  -0.0002
5.3706  -0.0002
5.3735  -0.0001
5.3763  -0.0001
5.3792  0.0000
5.3821  0.0000
5.3850  0.0000
5.3879  0.0000
5.3908  0.0000
5.3937  0.0000
5.3967  -0.0001
5.3996  -0.0001
5.4025  -0.0001
5.4054  -0.0001
5.4083  -0.0002
5.4113  -0.0002
5.4142  -0.0002
5.4171  -0.0002
5.4201  -0.0002
5.4230  -0.0002
5.4259  -0.0001
5.4289  0.0000
5.4318  0.0000
5.4348  0.0000
5.4377  0.0000
5.4407  0.0000
5.4437  0.0000
5.4466  -0.0001
5.4496  -0.0001
5.4526  -0.0001
5.4555  -0.0001
5.4585  -0.0001
5.4615  -0.0001
5.4645  0.0000
5.4675  0.0001
5.4705  0.0001
5.4735  0.0001
5.4765  0.0001
5.4795  0.0001
5.4825  0.0001
5.4855  0.0001
5.4885  0.0000
5.4915  0.0000
5.4945  -0.0001
5.4975  -0.0001
5.5006  -0.0001
5.5036  -0.0001
5.5066  0.0000
5.5096  0.0000
5.5127  0.0001
5.5157  0.0002
5.5188  0.0002
5.5218  0.0002
5.5249  0.0001
5.5279  0.0001
5.5310  0.0000
5.5340  0.0000
5.5371  0.0001
5.5402  0.0001
5.5432  0.0000
5.5463  0.0000
5.5494  -0.0001
5.5525  -0.0002
5.5556  -0.0002
